  3.8000000e+001  4.7900000e+002
  1.0300000e+002  5.0700000e+002
  2.6600000e+002  5.1200000e+002
  3.2800000e+002  5.1300000e+002
  3.4500000e+002  5.1700000e+002
  3.5600000e+002  5.0900000e+002
  3.7400000e+002  5.0000000e+002
  4.6300000e+002  4.8300000e+002
  5.6700000e+002  4.2300000e+002
  5.6200000e+002  4.0700000e+002
  5.7800000e+002  4.0400000e+002
  5.8700000e+002  3.9000000e+002
  5.8000000e+002  3.6900000e+002
  5.5200000e+002  3.5200000e+002
  5.6100000e+002  3.2000000e+002
  4.8400000e+002  2.4900000e+002
  4.0500000e+002  2.3100000e+002
  3.7200000e+002  2.2500000e+002
  3.4400000e+002  2.2300000e+002
  3.1700000e+002  2.3000000e+002
  2.9700000e+002  2.3100000e+002
  1.0100000e+002  2.3800000e+002
  5.4000000e+001  2.6000000e+002
