  5.2000000e+001  4.4000000e+002
  1.2700000e+002  4.8900000e+002
  2.3600000e+002  5.4600000e+002
  2.7200000e+002  5.6800000e+002
  2.9400000e+002  5.8100000e+002
  3.1100000e+002  5.8000000e+002
  3.3700000e+002  5.8300000e+002
  4.1300000e+002  6.1700000e+002
  5.2000000e+002  6.3000000e+002
  5.3300000e+002  6.2100000e+002
  5.5400000e+002  6.1600000e+002
  5.6400000e+002  6.0600000e+002
  5.5800000e+002  5.8500000e+002
  5.4300000e+002  5.6500000e+002
  5.7000000e+002  5.3800000e+002
  5.3000000e+002  4.3200000e+002
  4.6300000e+002  3.7100000e+002
  4.4500000e+002  3.5600000e+002
  4.3200000e+002  3.3300000e+002
  4.0700000e+002  3.1600000e+002
  3.9500000e+002  2.9900000e+002
  1.6200000e+002  2.1000000e+002
  8.6000000e+001  2.2700000e+002
