  1.1800000e+002  4.5500000e+002
  1.9100000e+002  4.7100000e+002
  3.8900000e+002  4.7200000e+002
  4.0500000e+002  4.7100000e+002
  4.2300000e+002  4.7600000e+002
  4.4000000e+002  4.6800000e+002
  4.5500000e+002  4.6000000e+002
  5.5700000e+002  4.4400000e+002
  6.5200000e+002  3.8700000e+002
  6.3900000e+002  3.6700000e+002
  6.5400000e+002  3.5300000e+002
  6.6800000e+002  3.3200000e+002
  6.5500000e+002  3.1000000e+002
  6.3800000e+002  3.0400000e+002
  6.4600000e+002  2.8200000e+002
  5.7800000e+002  2.2500000e+002
  4.6600000e+002  2.0000000e+002
  4.5000000e+002  1.9000000e+002
  4.3400000e+002  1.8100000e+002
  4.1100000e+002  1.8000000e+002
  3.8600000e+002  1.7700000e+002
  1.6100000e+002  2.0700000e+002
  8.7000000e+001  2.4400000e+002
