  8.3000000e+001  4.5400000e+002
  1.4300000e+002  4.6500000e+002
  3.5000000e+002  4.8800000e+002
  3.7100000e+002  4.8900000e+002
  3.9100000e+002  4.9200000e+002
  4.1200000e+002  4.8500000e+002
  4.2800000e+002  4.7600000e+002
  5.2300000e+002  4.6600000e+002
  6.2000000e+002  4.1600000e+002
  6.1600000e+002  3.9800000e+002
  6.2800000e+002  3.8900000e+002
  6.3900000e+002  3.7200000e+002
  6.2500000e+002  3.5400000e+002
  6.1000000e+002  3.4700000e+002
  6.2800000e+002  3.1700000e+002
  5.4200000e+002  2.4000000e+002
  4.6100000e+002  2.2200000e+002
  4.3600000e+002  2.1500000e+002
  4.1600000e+002  2.0100000e+002
  3.9000000e+002  1.9800000e+002
  3.6800000e+002  1.9500000e+002
  1.1800000e+002  2.1000000e+002
  5.0000000e+001  2.4900000e+002
