  2.2000000e+001  4.2300000e+002
  1.0600000e+002  4.8400000e+002
  1.9900000e+002  5.1500000e+002
  2.3400000e+002  5.3700000e+002
  2.7500000e+002  5.5100000e+002
  3.0100000e+002  5.4900000e+002
  3.4400000e+002  5.5500000e+002
  4.1200000e+002  5.8000000e+002
  4.9700000e+002  5.7700000e+002
  5.0000000e+002  5.5700000e+002
  5.1700000e+002  5.4600000e+002
  5.3500000e+002  5.3700000e+002
  5.2700000e+002  5.1100000e+002
  5.2100000e+002  4.9800000e+002
  5.4900000e+002  4.7500000e+002
  4.8500000e+002  3.6600000e+002
  4.1800000e+002  3.2600000e+002
  3.9900000e+002  3.0400000e+002
  3.8400000e+002  2.8800000e+002
  3.6200000e+002  2.7600000e+002
  3.4700000e+002  2.5900000e+002
  2.4500000e+002  2.0600000e+002
  1.1100000e+002  2.0500000e+002
