  6.3000000e+001  4.5500000e+002
  1.4000000e+002  4.8400000e+002
  3.5700000e+002  4.8800000e+002
  3.8300000e+002  4.9300000e+002
  4.0500000e+002  4.9700000e+002
  4.2300000e+002  4.8700000e+002
  4.3700000e+002  4.8000000e+002
  5.2600000e+002  4.6500000e+002
  6.3000000e+002  3.9200000e+002
  6.1600000e+002  3.7400000e+002
  6.3200000e+002  3.6500000e+002
  6.5200000e+002  3.3700000e+002
  6.3500000e+002  3.1800000e+002
  6.2100000e+002  3.1700000e+002
  6.2400000e+002  2.9300000e+002
  5.6300000e+002  2.4400000e+002
  4.5900000e+002  2.2100000e+002
  4.3800000e+002  2.2400000e+002
  4.1000000e+002  2.0600000e+002
  3.9400000e+002  2.0900000e+002
  3.6500000e+002  2.0900000e+002
  1.4300000e+002  2.3500000e+002
  7.4000000e+001  2.5800000e+002
