  1.1100000e+002  4.6300000e+002
  1.9200000e+002  4.7700000e+002
  4.1400000e+002  4.7300000e+002
  4.3100000e+002  4.6500000e+002
  4.5800000e+002  4.6800000e+002
  4.7800000e+002  4.5900000e+002
  5.0100000e+002  4.5800000e+002
  5.8800000e+002  4.3300000e+002
  6.8100000e+002  3.6300000e+002
  6.6700000e+002  3.4200000e+002
  6.8200000e+002  3.3100000e+002
  6.9600000e+002  3.0900000e+002
  6.7500000e+002  2.9700000e+002
  6.6200000e+002  2.9100000e+002
  6.7600000e+002  2.6900000e+002
  5.7200000e+002  2.0400000e+002
  4.7900000e+002  1.9400000e+002
  4.6300000e+002  1.8600000e+002
  4.5200000e+002  1.7600000e+002
  4.3500000e+002  1.7700000e+002
  4.1400000e+002  1.7300000e+002
  1.6000000e+002  2.2100000e+002
  9.4000000e+001  2.6400000e+002
