  5.7000000e+001  4.5400000e+002
  1.2800000e+002  4.7200000e+002
  3.0600000e+002  5.0100000e+002
  3.3800000e+002  5.0100000e+002
  3.5700000e+002  5.0700000e+002
  3.7800000e+002  4.9700000e+002
  3.9200000e+002  4.9000000e+002
  4.9600000e+002  4.8300000e+002
  5.9400000e+002  4.3800000e+002
  5.8700000e+002  4.1700000e+002
  6.0000000e+002  4.1000000e+002
  6.0600000e+002  3.9100000e+002
  5.9500000e+002  3.7600000e+002
  5.7900000e+002  3.6900000e+002
  6.0000000e+002  3.4100000e+002
  5.0600000e+002  2.5500000e+002
  4.3400000e+002  2.3800000e+002
  4.1300000e+002  2.2800000e+002
  3.9500000e+002  2.1400000e+002
  3.6400000e+002  2.1100000e+002
  3.4300000e+002  2.0400000e+002
  1.0700000e+002  2.1000000e+002
  2.5000000e+001  2.5200000e+002
