  4.2000000e+001  4.5900000e+002
  1.1700000e+002  4.8300000e+002
  3.2200000e+002  5.0900000e+002
  3.5000000e+002  5.0900000e+002
  3.6700000e+002  5.1000000e+002
  3.8700000e+002  5.0100000e+002
  4.0900000e+002  4.9200000e+002
  4.8900000e+002  4.8300000e+002
  5.9000000e+002  4.3400000e+002
  5.9000000e+002  4.1600000e+002
  6.0200000e+002  4.1300000e+002
  6.1400000e+002  4.0100000e+002
  6.0400000e+002  3.7400000e+002
  5.8300000e+002  3.6100000e+002
  5.9400000e+002  3.2200000e+002
  5.0900000e+002  2.5400000e+002
  4.2000000e+002  2.4200000e+002
  3.9800000e+002  2.3300000e+002
  3.7400000e+002  2.1700000e+002
  3.4500000e+002  2.2300000e+002
  3.2300000e+002  2.1700000e+002
  1.0600000e+002  2.3200000e+002
  5.2000000e+001  2.5500000e+002
