  5.3000000e+001  4.3400000e+002
  1.2100000e+002  4.5700000e+002
  2.8000000e+002  4.9000000e+002
  2.9300000e+002  4.8500000e+002
  3.0500000e+002  4.9100000e+002
  3.2200000e+002  4.9000000e+002
  3.4000000e+002  4.8800000e+002
  4.2600000e+002  5.0000000e+002
  5.1200000e+002  4.6900000e+002
  5.1200000e+002  4.4700000e+002
  5.2600000e+002  4.3800000e+002
  5.3600000e+002  4.2700000e+002
  5.3700000e+002  4.1400000e+002
  5.2800000e+002  3.9900000e+002
  5.3500000e+002  3.7400000e+002
  4.8600000e+002  3.0000000e+002
  4.2000000e+002  2.6600000e+002
  4.0100000e+002  2.5900000e+002
  3.8300000e+002  2.4300000e+002
  3.5700000e+002  2.3600000e+002
  3.3700000e+002  2.2200000e+002
  1.1100000e+002  2.0600000e+002
  6.4000000e+001  2.2000000e+002
