  1.2100000e+002  4.5300000e+002
  1.9100000e+002  4.9500000e+002
  3.0200000e+002  5.2900000e+002
  3.2100000e+002  5.2700000e+002
  3.3700000e+002  5.4400000e+002
  3.5400000e+002  5.4600000e+002
  3.7000000e+002  5.4800000e+002
  4.5600000e+002  5.7400000e+002
  5.4900000e+002  5.5500000e+002
  5.4700000e+002  5.3100000e+002
  5.6300000e+002  5.2800000e+002
  5.8700000e+002  5.1500000e+002
  5.8700000e+002  5.0000000e+002
  5.7900000e+002  4.8800000e+002
  5.8700000e+002  4.7700000e+002
  5.4400000e+002  3.7800000e+002
  4.6900000e+002  3.3500000e+002
  4.5100000e+002  3.2000000e+002
  4.3700000e+002  3.0500000e+002
  4.1900000e+002  2.9800000e+002
  4.0100000e+002  2.8000000e+002
  1.7800000e+002  2.2400000e+002
  1.2000000e+002  2.4600000e+002
