  7.4000000e+001  4.6700000e+002
  1.7900000e+002  5.1700000e+002
  2.7300000e+002  5.4100000e+002
  3.1200000e+002  5.5100000e+002
  3.5100000e+002  5.5500000e+002
  3.7700000e+002  5.4700000e+002
  4.0100000e+002  5.4400000e+002
  4.6500000e+002  5.5000000e+002
  5.5900000e+002  5.1400000e+002
  5.5200000e+002  4.8300000e+002
  5.7200000e+002  4.7400000e+002
  5.7700000e+002  4.5300000e+002
  5.6300000e+002  4.4200000e+002
  5.5000000e+002  4.3700000e+002
  5.7400000e+002  4.2100000e+002
  5.0000000e+002  3.3200000e+002
  4.5100000e+002  3.0500000e+002
  4.3200000e+002  2.9100000e+002
  4.1400000e+002  2.8600000e+002
  3.8900000e+002  2.8500000e+002
  3.6200000e+002  2.7200000e+002
  2.0500000e+002  2.4200000e+002
  1.1500000e+002  2.5800000e+002
