  6.5000000e+001  4.2200000e+002
  1.2000000e+002  4.6500000e+002
  2.1400000e+002  4.9300000e+002
  2.3200000e+002  5.0500000e+002
  2.5500000e+002  5.1700000e+002
  2.7900000e+002  5.2300000e+002
  2.9300000e+002  5.1900000e+002
  4.0700000e+002  5.4900000e+002
  4.7200000e+002  5.3600000e+002
  4.7100000e+002  5.0900000e+002
  4.8800000e+002  5.0600000e+002
  4.9900000e+002  4.9200000e+002
  5.0300000e+002  4.7700000e+002
  4.8900000e+002  4.6300000e+002
  5.1700000e+002  4.4600000e+002
  4.7800000e+002  3.7000000e+002
  4.1100000e+002  3.1400000e+002
  3.9300000e+002  3.0000000e+002
  3.7200000e+002  2.8200000e+002
  3.5100000e+002  2.7400000e+002
  3.3400000e+002  2.5300000e+002
  1.2400000e+002  1.9200000e+002
  6.5000000e+001  2.1400000e+002
