  7.8000000e+001  4.2100000e+002
  1.4000000e+002  4.5800000e+002
  2.4600000e+002  4.9400000e+002
  2.7100000e+002  5.0600000e+002
  2.9700000e+002  5.1300000e+002
  3.1600000e+002  5.1200000e+002
  3.3500000e+002  5.1300000e+002
  4.2200000e+002  5.4700000e+002
  5.0900000e+002  5.2900000e+002
  5.1600000e+002  5.0300000e+002
  5.3300000e+002  4.9500000e+002
  5.4100000e+002  4.8400000e+002
  5.4200000e+002  4.7000000e+002
  5.3400000e+002  4.6000000e+002
  5.5000000e+002  4.4400000e+002
  5.0800000e+002  3.5300000e+002
  4.3900000e+002  3.0700000e+002
  4.2800000e+002  2.9300000e+002
  4.1200000e+002  2.7800000e+002
  3.9300000e+002  2.6900000e+002
  3.7700000e+002  2.5500000e+002
  1.4800000e+002  1.8900000e+002
  8.7000000e+001  2.1600000e+002
