  8.9000000e+001  4.4100000e+002
  1.5800000e+002  4.7600000e+002
  3.0600000e+002  5.2800000e+002
  3.2700000e+002  5.2400000e+002
  3.5300000e+002  5.4000000e+002
  3.8300000e+002  5.3700000e+002
  4.1000000e+002  5.4300000e+002
  4.7000000e+002  5.6200000e+002
  5.6700000e+002  5.3500000e+002
  5.6200000e+002  5.1100000e+002
  5.7800000e+002  5.0400000e+002
  5.8700000e+002  4.9500000e+002
  5.8900000e+002  4.7900000e+002
  5.8000000e+002  4.6700000e+002
  5.9300000e+002  4.6000000e+002
  5.5100000e+002  3.6600000e+002
  4.9400000e+002  3.3200000e+002
  4.7200000e+002  3.2000000e+002
  4.4900000e+002  2.9700000e+002
  4.2900000e+002  2.8700000e+002
  3.9900000e+002  2.6600000e+002
  2.1000000e+002  2.1500000e+002
  1.3200000e+002  2.3700000e+002
