  2.2000000e+001  4.4500000e+002
  8.6000000e+001  4.8200000e+002
  1.8800000e+002  5.1300000e+002
  2.0900000e+002  5.2400000e+002
  2.4200000e+002  5.3600000e+002
  2.6600000e+002  5.3700000e+002
  2.8700000e+002  5.3600000e+002
  3.6300000e+002  5.5300000e+002
  4.6000000e+002  5.2400000e+002
  4.5800000e+002  4.9800000e+002
  4.7500000e+002  4.9200000e+002
  4.8700000e+002  4.8200000e+002
  4.9300000e+002  4.6700000e+002
  4.7600000e+002  4.5500000e+002
  4.9000000e+002  4.4400000e+002
  4.3300000e+002  3.4200000e+002
  3.6600000e+002  2.9400000e+002
  3.4600000e+002  2.9000000e+002
  3.2800000e+002  2.8700000e+002
  3.0800000e+002  2.7500000e+002
  2.9500000e+002  2.5900000e+002
  8.2000000e+001  2.2000000e+002
  2.3000000e+001  2.3400000e+002
