  5.4000000e+001  4.7100000e+002
  1.3000000e+002  4.9300000e+002
  2.6500000e+002  5.4000000e+002
  2.9900000e+002  5.5000000e+002
  3.3600000e+002  5.5300000e+002
  3.5600000e+002  5.4500000e+002
  3.7600000e+002  5.4400000e+002
  4.4200000e+002  5.4700000e+002
  5.2600000e+002  5.1800000e+002
  5.3600000e+002  4.9000000e+002
  5.4500000e+002  4.7500000e+002
  5.5600000e+002  4.5100000e+002
  5.4500000e+002  4.4100000e+002
  5.3400000e+002  4.3500000e+002
  5.5100000e+002  4.1900000e+002
  4.9300000e+002  3.3800000e+002
  4.3400000e+002  3.0600000e+002
  4.1700000e+002  2.9400000e+002
  3.9800000e+002  2.8600000e+002
  3.7400000e+002  2.8700000e+002
  3.5300000e+002  2.8000000e+002
  1.7200000e+002  2.4200000e+002
  6.7000000e+001  2.5900000e+002
