  2.4000000e+001  4.1100000e+002
  1.1400000e+002  4.6200000e+002
  2.0100000e+002  5.1100000e+002
  2.3400000e+002  5.2500000e+002
  2.7900000e+002  5.3700000e+002
  3.0800000e+002  5.3700000e+002
  3.2800000e+002  5.4300000e+002
  3.8700000e+002  5.6600000e+002
  4.7500000e+002  5.6300000e+002
  4.9200000e+002  5.4000000e+002
  5.0900000e+002  5.3000000e+002
  5.3900000e+002  5.1300000e+002
  5.3400000e+002  4.9500000e+002
  5.1900000e+002  4.8400000e+002
  5.3000000e+002  4.6000000e+002
  4.8400000e+002  3.7600000e+002
  4.3500000e+002  3.2800000e+002
  4.1300000e+002  3.1800000e+002
  3.8600000e+002  2.9600000e+002
  3.6600000e+002  2.6800000e+002
  3.4600000e+002  2.3900000e+002
  1.8000000e+002  1.9600000e+002
  4.6000000e+001  2.0400000e+002
