  9.8000000e+001  4.5600000e+002
  1.6300000e+002  4.9800000e+002
  3.0700000e+002  5.6300000e+002
  3.3000000e+002  5.6500000e+002
  3.5000000e+002  5.7600000e+002
  3.7000000e+002  5.7800000e+002
  3.8800000e+002  5.8400000e+002
  4.6100000e+002  6.0700000e+002
  5.5800000e+002  6.1100000e+002
  5.5800000e+002  5.8400000e+002
  5.7400000e+002  5.8000000e+002
  5.8600000e+002  5.7100000e+002
  5.8700000e+002  5.5600000e+002
  5.8300000e+002  5.4100000e+002
  5.9600000e+002  5.2400000e+002
  5.6200000e+002  4.3100000e+002
  4.9700000e+002  3.8500000e+002
  4.7900000e+002  3.7100000e+002
  4.5700000e+002  3.4100000e+002
  4.3600000e+002  3.2900000e+002
  4.1500000e+002  3.0700000e+002
  2.2600000e+002  2.3600000e+002
  1.4700000e+002  2.4000000e+002
