  9.9000000e+001  4.6600000e+002
  1.8300000e+002  4.9100000e+002
  3.0700000e+002  5.0200000e+002
  3.4400000e+002  4.9900000e+002
  3.7500000e+002  4.9200000e+002
  4.0100000e+002  4.8500000e+002
  4.2300000e+002  4.7800000e+002
  4.9900000e+002  4.7200000e+002
  5.7500000e+002  4.4300000e+002
  5.6200000e+002  4.0200000e+002
  5.9600000e+002  3.8800000e+002
  5.9400000e+002  3.6300000e+002
  5.7800000e+002  3.5600000e+002
  5.6300000e+002  3.5100000e+002
  5.9300000e+002  3.3300000e+002
  5.1600000e+002  2.5700000e+002
  4.2300000e+002  2.3800000e+002
  3.9700000e+002  2.3200000e+002
  3.6300000e+002  2.2300000e+002
  3.3100000e+002  2.1600000e+002
  3.0700000e+002  2.1400000e+002
  1.6000000e+002  2.4100000e+002
  8.5000000e+001  2.7200000e+002
