  9.7000000e+001  4.3800000e+002
  1.9200000e+002  4.9800000e+002
  2.9500000e+002  5.2300000e+002
  3.1400000e+002  5.3100000e+002
  3.3200000e+002  5.3800000e+002
  3.5700000e+002  5.3700000e+002
  3.8200000e+002  5.4000000e+002
  4.6100000e+002  5.5800000e+002
  5.5300000e+002  5.3200000e+002
  5.4000000e+002  5.1100000e+002
  5.5400000e+002  5.1000000e+002
  5.6800000e+002  4.9400000e+002
  5.7000000e+002  4.7900000e+002
  5.6400000e+002  4.6600000e+002
  5.7700000e+002  4.5200000e+002
  5.3400000e+002  3.6700000e+002
  4.7700000e+002  3.3000000e+002
  4.5100000e+002  3.1400000e+002
  4.3200000e+002  2.9200000e+002
  4.1100000e+002  2.8600000e+002
  3.7600000e+002  2.5400000e+002
  2.0900000e+002  2.0900000e+002
  1.1300000e+002  2.2200000e+002
