  5.7000000e+001  4.3500000e+002
  1.4600000e+002  4.6100000e+002
  3.0100000e+002  5.2500000e+002
  3.2800000e+002  5.4100000e+002
  3.6600000e+002  5.5000000e+002
  3.9400000e+002  5.4700000e+002
  4.2100000e+002  5.4800000e+002
  4.6700000e+002  5.6100000e+002
  5.6000000e+002  5.4500000e+002
  5.5100000e+002  5.0300000e+002
  5.8600000e+002  4.9800000e+002
  6.0200000e+002  4.7800000e+002
  5.8600000e+002  4.6300000e+002
  5.7100000e+002  4.5300000e+002
  6.0400000e+002  4.3800000e+002
  5.3400000e+002  3.5300000e+002
  4.6000000e+002  3.2500000e+002
  4.4300000e+002  3.1100000e+002
  4.2900000e+002  3.0200000e+002
  4.0600000e+002  3.0100000e+002
  3.7500000e+002  2.8000000e+002
  2.1100000e+002  2.4000000e+002
  9.9000000e+001  2.3200000e+002
