  7.5000000e+001  4.1900000e+002
  1.1300000e+002  4.5100000e+002
  2.1500000e+002  4.9200000e+002
  2.3800000e+002  5.0500000e+002
  2.6600000e+002  5.1900000e+002
  2.9100000e+002  5.2400000e+002
  3.0800000e+002  5.2200000e+002
  4.0500000e+002  5.5400000e+002
  4.8800000e+002  5.3500000e+002
  4.9000000e+002  5.1200000e+002
  5.0400000e+002  5.1000000e+002
  5.2000000e+002  4.9700000e+002
  5.2200000e+002  4.8200000e+002
  5.1100000e+002  4.6900000e+002
  5.2200000e+002  4.5500000e+002
  4.8200000e+002  3.5900000e+002
  4.1300000e+002  3.2200000e+002
  3.9700000e+002  3.0500000e+002
  3.8100000e+002  2.8700000e+002
  3.6200000e+002  2.8100000e+002
  3.4800000e+002  2.6500000e+002
  1.3100000e+002  2.0000000e+002
  7.3000000e+001  2.1400000e+002
