  9.7000000e+001  4.4900000e+002
  1.8000000e+002  4.9100000e+002
  3.0300000e+002  5.3400000e+002
  3.4400000e+002  5.4000000e+002
  3.8700000e+002  5.4200000e+002
  4.0900000e+002  5.3600000e+002
  4.2900000e+002  5.3400000e+002
  4.9900000e+002  5.4100000e+002
  5.8800000e+002  5.0600000e+002
  5.8600000e+002  4.6800000e+002
  6.0400000e+002  4.6000000e+002
  6.1100000e+002  4.3500000e+002
  5.9700000e+002  4.2500000e+002
  5.8500000e+002  4.1900000e+002
  6.0800000e+002  4.0600000e+002
  5.3600000e+002  3.2900000e+002
  4.6400000e+002  3.0600000e+002
  4.4200000e+002  2.9300000e+002
  4.2400000e+002  2.8600000e+002
  4.0500000e+002  2.7900000e+002
  3.8300000e+002  2.6300000e+002
  2.2800000e+002  2.3200000e+002
  1.4000000e+002  2.5100000e+002
