  3.7000000e+001  4.0600000e+002
  1.1700000e+002  4.5700000e+002
  2.8100000e+002  5.1300000e+002
  2.9700000e+002  5.1100000e+002
  3.1500000e+002  5.0900000e+002
  3.3400000e+002  5.1000000e+002
  3.5300000e+002  5.1200000e+002
  4.4700000e+002  5.3800000e+002
  5.4200000e+002  5.1000000e+002
  5.4100000e+002  4.8200000e+002
  5.5800000e+002  4.7600000e+002
  5.7500000e+002  4.6600000e+002
  5.7400000e+002  4.4800000e+002
  5.6600000e+002  4.3700000e+002
  5.6900000e+002  4.1800000e+002
  5.2900000e+002  3.4400000e+002
  4.4100000e+002  2.9600000e+002
  4.2300000e+002  2.8500000e+002
  4.0500000e+002  2.6800000e+002
  3.8600000e+002  2.6000000e+002
  3.7200000e+002  2.4700000e+002
  1.6600000e+002  2.0700000e+002
  1.0500000e+002  2.2600000e+002
