  2.7000000e+001  4.4900000e+002
  8.3000000e+001  4.6700000e+002
  2.4200000e+002  5.0200000e+002
  2.5800000e+002  4.9800000e+002
  2.7400000e+002  4.9500000e+002
  2.9100000e+002  4.9200000e+002
  3.0900000e+002  4.8800000e+002
  4.0400000e+002  5.0600000e+002
  4.9900000e+002  4.5300000e+002
  5.0700000e+002  4.3300000e+002
  5.1600000e+002  4.2700000e+002
  5.2000000e+002  4.1400000e+002
  5.0700000e+002  4.0100000e+002
  4.9400000e+002  3.8700000e+002
  5.0200000e+002  3.6300000e+002
  4.5700000e+002  2.9300000e+002
  3.5400000e+002  2.5300000e+002
  3.3400000e+002  2.4500000e+002
  3.2000000e+002  2.3500000e+002
  3.0600000e+002  2.3000000e+002
  2.9000000e+002  2.1500000e+002
  8.4000000e+001  2.1200000e+002
  2.9000000e+001  2.3600000e+002
