  1.2600000e+002  4.7200000e+002
  1.9900000e+002  4.8800000e+002
  3.8800000e+002  4.7700000e+002
  4.0500000e+002  4.7600000e+002
  4.2500000e+002  4.8600000e+002
  4.4300000e+002  4.7900000e+002
  4.6100000e+002  4.7800000e+002
  5.6600000e+002  4.5600000e+002
  6.3300000e+002  3.7500000e+002
  6.2200000e+002  3.5800000e+002
  6.3200000e+002  3.4700000e+002
  6.4500000e+002  3.2500000e+002
  6.2600000e+002  3.1300000e+002
  6.0900000e+002  3.1000000e+002
  6.2000000e+002  2.8800000e+002
  5.4600000e+002  2.3500000e+002
  4.5000000e+002  2.3200000e+002
  4.2800000e+002  2.3300000e+002
  4.0800000e+002  2.2600000e+002
  3.9100000e+002  2.2800000e+002
  3.7000000e+002  2.2300000e+002
  1.4800000e+002  2.5900000e+002
  9.9000000e+001  2.8300000e+002
