  1.4300000e+002  4.8300000e+002
  2.2000000e+002  5.0600000e+002
  4.1200000e+002  4.9000000e+002
  4.2800000e+002  4.8200000e+002
  4.5700000e+002  4.9000000e+002
  4.7900000e+002  4.7500000e+002
  4.9500000e+002  4.6700000e+002
  5.8000000e+002  4.5000000e+002
  6.5500000e+002  3.6100000e+002
  6.4300000e+002  3.4900000e+002
  6.5700000e+002  3.3800000e+002
  6.6200000e+002  3.1700000e+002
  6.4600000e+002  3.0700000e+002
  6.3100000e+002  3.0100000e+002
  6.3800000e+002  2.8000000e+002
  5.5200000e+002  2.3000000e+002
  4.6400000e+002  2.3600000e+002
  4.4100000e+002  2.3800000e+002
  4.2100000e+002  2.2900000e+002
  4.0300000e+002  2.3500000e+002
  3.8500000e+002  2.3000000e+002
  1.7200000e+002  2.7400000e+002
  1.2200000e+002  3.0000000e+002
