  1.0700000e+002  4.6100000e+002
  1.8600000e+002  4.8400000e+002
  3.4900000e+002  4.8900000e+002
  3.6600000e+002  4.8500000e+002
  3.8600000e+002  4.8900000e+002
  4.0300000e+002  4.8200000e+002
  4.1800000e+002  4.7800000e+002
  5.1900000e+002  4.7500000e+002
  6.0000000e+002  4.0700000e+002
  5.9800000e+002  3.8300000e+002
  6.0900000e+002  3.7100000e+002
  6.1600000e+002  3.5300000e+002
  5.9900000e+002  3.4300000e+002
  5.8400000e+002  3.3800000e+002
  5.9600000e+002  3.1700000e+002
  5.1500000e+002  2.5100000e+002
  4.2800000e+002  2.3700000e+002
  4.0700000e+002  2.3400000e+002
  3.8800000e+002  2.2300000e+002
  3.6700000e+002  2.2700000e+002
  3.4800000e+002  2.1700000e+002
  1.4100000e+002  2.3600000e+002
  8.2000000e+001  2.6600000e+002
