  4.9000000e+001  4.4900000e+002
  1.2700000e+002  4.7600000e+002
  2.9300000e+002  4.9500000e+002
  3.2000000e+002  4.9200000e+002
  3.4300000e+002  4.9500000e+002
  3.6400000e+002  4.9100000e+002
  3.8100000e+002  4.8500000e+002
  4.9300000e+002  4.7700000e+002
  5.6600000e+002  4.0800000e+002
  5.5400000e+002  3.9600000e+002
  5.7200000e+002  3.8900000e+002
  5.7600000e+002  3.7400000e+002
  5.6600000e+002  3.5700000e+002
  5.4400000e+002  3.5200000e+002
  5.6300000e+002  3.2300000e+002
  4.8800000e+002  2.6000000e+002
  3.9800000e+002  2.3900000e+002
  3.7400000e+002  2.3900000e+002
  3.5600000e+002  2.3600000e+002
  3.3600000e+002  2.3700000e+002
  3.1500000e+002  2.2500000e+002
  1.4700000e+002  2.3400000e+002
  6.9000000e+001  2.6400000e+002
