  9.5000000e+001  4.0500000e+002
  1.6300000e+002  4.7200000e+002
  2.9200000e+002  5.4100000e+002
  3.1800000e+002  5.5000000e+002
  3.3400000e+002  5.6900000e+002
  3.5500000e+002  5.7000000e+002
  3.7700000e+002  5.8000000e+002
  4.6500000e+002  6.2200000e+002
  5.5700000e+002  6.0900000e+002
  5.6000000e+002  5.8300000e+002
  5.7900000e+002  5.8200000e+002
  5.9600000e+002  5.7700000e+002
  5.9600000e+002  5.5900000e+002
  5.8500000e+002  5.4900000e+002
  5.9400000e+002  5.3800000e+002
  5.6700000e+002  4.5000000e+002
  5.0000000e+002  3.7100000e+002
  4.7600000e+002  3.6100000e+002
  4.6400000e+002  3.4600000e+002
  4.4900000e+002  3.4000000e+002
  4.3800000e+002  3.2200000e+002
  2.1100000e+002  2.2400000e+002
  1.3400000e+002  2.2600000e+002
