  5.0000000e+001  4.6300000e+002
  1.1100000e+002  4.8500000e+002
  2.9900000e+002  5.3100000e+002
  3.1400000e+002  5.2800000e+002
  3.3100000e+002  5.2000000e+002
  3.4600000e+002  5.1200000e+002
  3.6400000e+002  5.0900000e+002
  4.6100000e+002  5.1100000e+002
  5.4500000e+002  4.6600000e+002
  5.3500000e+002  4.4400000e+002
  5.5000000e+002  4.3900000e+002
  5.6700000e+002  4.2700000e+002
  5.6500000e+002  4.0800000e+002
  5.4800000e+002  4.0000000e+002
  5.5600000e+002  3.7300000e+002
  5.0700000e+002  3.0900000e+002
  3.9900000e+002  2.7400000e+002
  3.8300000e+002  2.6200000e+002
  3.6900000e+002  2.5200000e+002
  3.5400000e+002  2.4400000e+002
  3.3700000e+002  2.3200000e+002
  1.0400000e+002  2.4800000e+002
  6.5000000e+001  2.6600000e+002
