  3.8000000e+001  4.5000000e+002
  9.7000000e+001  4.7300000e+002
  2.8000000e+002  5.1400000e+002
  2.9300000e+002  5.0800000e+002
  3.0900000e+002  5.0100000e+002
  3.2500000e+002  4.9600000e+002
  3.4500000e+002  4.9600000e+002
  4.4200000e+002  4.9600000e+002
  5.2000000e+002  4.3700000e+002
  5.1300000e+002  4.1800000e+002
  5.2800000e+002  4.1200000e+002
  5.4400000e+002  3.9900000e+002
  5.3900000e+002  3.7800000e+002
  5.2200000e+002  3.7100000e+002
  5.3000000e+002  3.4800000e+002
  4.7100000e+002  2.7600000e+002
  3.7000000e+002  2.5000000e+002
  3.5500000e+002  2.3900000e+002
  3.3900000e+002  2.2800000e+002
  3.2200000e+002  2.2400000e+002
  3.0800000e+002  2.1500000e+002
  8.8000000e+001  2.2900000e+002
  2.7000000e+001  2.6500000e+002
