  1.4600000e+002  4.6800000e+002
  2.3000000e+002  4.9500000e+002
  3.9800000e+002  4.9100000e+002
  4.1700000e+002  4.8300000e+002
  4.3700000e+002  4.8300000e+002
  4.5800000e+002  4.8200000e+002
  4.8100000e+002  4.8000000e+002
  5.8100000e+002  4.5900000e+002
  6.4300000e+002  4.0700000e+002
  6.3000000e+002  3.7700000e+002
  6.5300000e+002  3.7100000e+002
  6.6800000e+002  3.5100000e+002
  6.5800000e+002  3.3000000e+002
  6.3600000e+002  3.2200000e+002
  6.4500000e+002  2.8600000e+002
  5.7700000e+002  2.3700000e+002
  5.0900000e+002  2.2300000e+002
  4.8800000e+002  2.2100000e+002
  4.6600000e+002  2.2300000e+002
  4.4900000e+002  2.2100000e+002
  4.2900000e+002  2.1600000e+002
  1.9700000e+002  2.1700000e+002
  1.2200000e+002  2.5900000e+002
