  1.0300000e+002  4.5900000e+002
  1.7500000e+002  4.7900000e+002
  3.5900000e+002  4.4800000e+002
  3.7700000e+002  4.3900000e+002
  3.9500000e+002  4.3300000e+002
  4.1200000e+002  4.3100000e+002
  4.3400000e+002  4.2800000e+002
  5.3100000e+002  3.9100000e+002
  5.9100000e+002  3.1400000e+002
  5.6800000e+002  2.8800000e+002
  5.8700000e+002  2.7900000e+002
  5.9400000e+002  2.6000000e+002
  5.8200000e+002  2.4100000e+002
  5.6700000e+002  2.3700000e+002
  5.6700000e+002  2.0400000e+002
  4.9100000e+002  1.7500000e+002
  4.0700000e+002  1.7300000e+002
  3.9100000e+002  1.6800000e+002
  3.6800000e+002  1.7100000e+002
  3.4900000e+002  1.7200000e+002
  3.2700000e+002  1.6800000e+002
  1.2700000e+002  2.0800000e+002
  6.5000000e+001  2.5400000e+002
