  2.5000000e+001  4.2400000e+002
  8.5000000e+001  4.6500000e+002
  2.3400000e+002  5.4200000e+002
  2.6600000e+002  5.4400000e+002
  2.9100000e+002  5.5700000e+002
  3.0800000e+002  5.6000000e+002
  3.2800000e+002  5.7100000e+002
  4.2100000e+002  6.0100000e+002
  5.0700000e+002  5.6800000e+002
  4.9600000e+002  5.3900000e+002
  5.1600000e+002  5.3700000e+002
  5.4100000e+002  5.2300000e+002
  5.3400000e+002  5.0400000e+002
  5.2100000e+002  4.9300000e+002
  5.4400000e+002  4.6000000e+002
  4.9700000e+002  3.8100000e+002
  4.6700000e+002  3.5800000e+002
  4.4900000e+002  3.3500000e+002
  4.3200000e+002  3.1900000e+002
  3.9900000e+002  3.0300000e+002
  3.7500000e+002  2.8300000e+002
  2.2400000e+002  2.1200000e+002
  1.5000000e+002  1.9900000e+002
