  1.3400000e+002  4.3500000e+002
  2.1500000e+002  4.6000000e+002
  4.0600000e+002  4.5800000e+002
  4.2700000e+002  4.5100000e+002
  4.4900000e+002  4.5000000e+002
  4.6600000e+002  4.4700000e+002
  4.8200000e+002  4.4800000e+002
  5.9100000e+002  4.2800000e+002
  6.5500000e+002  3.5400000e+002
  6.4100000e+002  3.3400000e+002
  6.5900000e+002  3.2400000e+002
  6.7500000e+002  3.0300000e+002
  6.6000000e+002  2.8500000e+002
  6.4200000e+002  2.7600000e+002
  6.4400000e+002  2.4800000e+002
  5.7400000e+002  2.0300000e+002
  5.1800000e+002  1.9100000e+002
  4.9300000e+002  1.8300000e+002
  4.7500000e+002  1.8100000e+002
  4.5000000e+002  1.8100000e+002
  4.2700000e+002  1.7700000e+002
  1.9500000e+002  1.9500000e+002
  1.3100000e+002  2.2600000e+002
