  1.7700000e+002  4.9600000e+002
  2.4400000e+002  5.5800000e+002
  3.7000000e+002  6.0200000e+002
  3.9300000e+002  6.1000000e+002
  4.2000000e+002  6.2400000e+002
  4.4700000e+002  6.2900000e+002
  4.7700000e+002  6.4100000e+002
  5.4800000e+002  6.6400000e+002
  6.3600000e+002  6.5400000e+002
  6.4000000e+002  6.2600000e+002
  6.5800000e+002  6.2300000e+002
  6.6700000e+002  6.1300000e+002
  6.7300000e+002  5.9300000e+002
  6.6200000e+002  5.7700000e+002
  6.7600000e+002  5.6000000e+002
  6.4200000e+002  4.7900000e+002
  5.8200000e+002  4.1400000e+002
  5.5400000e+002  4.0900000e+002
  5.3600000e+002  3.9500000e+002
  5.2100000e+002  3.7800000e+002
  5.0700000e+002  3.6200000e+002
  3.3000000e+002  2.6900000e+002
  2.2700000e+002  2.7400000e+002
