  7.4000000e+001  4.5400000e+002
  1.4100000e+002  4.7900000e+002
  2.8500000e+002  5.0400000e+002
  3.0600000e+002  5.0400000e+002
  3.3300000e+002  5.1100000e+002
  3.5300000e+002  5.0900000e+002
  3.7000000e+002  5.1400000e+002
  4.7000000e+002  5.2000000e+002
  5.5100000e+002  4.7200000e+002
  5.4800000e+002  4.4300000e+002
  5.7300000e+002  4.3800000e+002
  6.0700000e+002  4.1100000e+002
  5.7800000e+002  3.9500000e+002
  5.5300000e+002  3.9000000e+002
  5.7000000e+002  3.6600000e+002
  5.1800000e+002  3.0200000e+002
  4.0500000e+002  2.5500000e+002
  3.8300000e+002  2.5000000e+002
  3.6600000e+002  2.3700000e+002
  3.4600000e+002  2.2500000e+002
  3.3000000e+002  2.1600000e+002
  1.1400000e+002  2.1600000e+002
  6.2000000e+001  2.3800000e+002
