  1.3000000e+002  4.5900000e+002
  1.8300000e+002  5.1600000e+002
  3.0400000e+002  5.9500000e+002
  3.3300000e+002  6.0500000e+002
  3.5300000e+002  6.1400000e+002
  3.7800000e+002  6.1800000e+002
  4.0000000e+002  6.2700000e+002
  4.8200000e+002  6.7100000e+002
  5.7700000e+002  6.6100000e+002
  5.8000000e+002  6.3400000e+002
  5.9800000e+002  6.3200000e+002
  6.1600000e+002  6.2700000e+002
  6.1700000e+002  6.1200000e+002
  6.0900000e+002  5.9600000e+002
  6.1900000e+002  5.7100000e+002
  5.9800000e+002  4.8700000e+002
  5.1900000e+002  4.1200000e+002
  5.0500000e+002  3.9600000e+002
  4.8900000e+002  3.8000000e+002
  4.7800000e+002  3.6400000e+002
  4.6700000e+002  3.4500000e+002
  2.6000000e+002  2.4200000e+002
  1.8300000e+002  2.4500000e+002
