  1.0000000e+002  4.3800000e+002
  1.6300000e+002  5.0200000e+002
  2.8300000e+002  5.7600000e+002
  3.0900000e+002  5.8000000e+002
  3.2700000e+002  5.8700000e+002
  3.5200000e+002  5.9600000e+002
  3.7100000e+002  6.1100000e+002
  4.5400000e+002  6.4900000e+002
  5.4700000e+002  6.4100000e+002
  5.5600000e+002  6.1600000e+002
  5.7400000e+002  6.1200000e+002
  5.8500000e+002  6.0200000e+002
  5.9000000e+002  5.8300000e+002
  5.8100000e+002  5.6600000e+002
  5.9900000e+002  5.5400000e+002
  5.7300000e+002  4.6600000e+002
  4.9800000e+002  3.9300000e+002
  4.8400000e+002  3.8300000e+002
  4.7200000e+002  3.6800000e+002
  4.6100000e+002  3.5300000e+002
  4.5200000e+002  3.3800000e+002
  2.4000000e+002  2.2200000e+002
  1.4900000e+002  2.3000000e+002
