  7.0000000e+001  4.8300000e+002
  1.5400000e+002  5.0500000e+002
  3.4300000e+002  4.7600000e+002
  3.5600000e+002  4.6600000e+002
  3.7200000e+002  4.5300000e+002
  3.9700000e+002  4.4500000e+002
  4.1800000e+002  4.4100000e+002
  4.9500000e+002  4.0700000e+002
  5.6200000e+002  3.2800000e+002
  5.4300000e+002  3.0800000e+002
  5.6000000e+002  2.9300000e+002
  5.6800000e+002  2.7400000e+002
  5.5900000e+002  2.5900000e+002
  5.4000000e+002  2.5400000e+002
  5.3600000e+002  2.2100000e+002
  4.6800000e+002  1.8300000e+002
  3.7900000e+002  1.7300000e+002
  3.4000000e+002  1.7400000e+002
  3.0700000e+002  1.7300000e+002
  2.7700000e+002  1.8200000e+002
  2.4700000e+002  1.8200000e+002
  1.2100000e+002  2.1600000e+002
  5.5000000e+001  2.7100000e+002
