  1.0000000e+002  4.3200000e+002
  1.6000000e+002  4.7400000e+002
  3.2400000e+002  5.4700000e+002
  3.4300000e+002  5.4800000e+002
  3.6200000e+002  5.5300000e+002
  3.8000000e+002  5.5400000e+002
  3.9800000e+002  5.6000000e+002
  4.9100000e+002  5.9200000e+002
  5.8000000e+002  5.6500000e+002
  5.8400000e+002  5.3300000e+002
  6.1200000e+002  5.2800000e+002
  6.5300000e+002  5.0700000e+002
  6.2600000e+002  4.8600000e+002
  6.0900000e+002  4.8200000e+002
  6.1800000e+002  4.6000000e+002
  5.7900000e+002  3.9100000e+002
  5.0600000e+002  3.3200000e+002
  4.8400000e+002  3.2600000e+002
  4.7100000e+002  3.1800000e+002
  4.5800000e+002  3.0900000e+002
  4.4600000e+002  2.9900000e+002
  2.1800000e+002  2.0600000e+002
  1.2700000e+002  2.1700000e+002
