  9.7000000e+001  4.5300000e+002
  1.8000000e+002  4.9300000e+002
  3.4300000e+002  5.2100000e+002
  3.6000000e+002  5.2000000e+002
  3.7400000e+002  5.2400000e+002
  3.9100000e+002  5.2700000e+002
  4.1000000e+002  5.3000000e+002
  5.1300000e+002  5.3800000e+002
  5.8700000e+002  4.8800000e+002
  5.8200000e+002  4.5900000e+002
  6.0200000e+002  4.5400000e+002
  6.1600000e+002  4.4400000e+002
  6.1800000e+002  4.2700000e+002
  6.0100000e+002  4.1200000e+002
  6.1100000e+002  3.8900000e+002
  5.6400000e+002  3.1600000e+002
  4.6400000e+002  2.7000000e+002
  4.4600000e+002  2.6400000e+002
  4.2800000e+002  2.5600000e+002
  4.1300000e+002  2.4700000e+002
  4.0000000e+002  2.3900000e+002
  1.8700000e+002  2.1400000e+002
  1.0700000e+002  2.3800000e+002
