  1.4000000e+002  4.2600000e+002
  2.0900000e+002  4.4800000e+002
  4.1400000e+002  4.5800000e+002
  4.3400000e+002  4.5200000e+002
  4.6400000e+002  4.4400000e+002
  4.8300000e+002  4.4100000e+002
  5.0300000e+002  4.4500000e+002
  6.1400000e+002  4.1900000e+002
  6.6600000e+002  3.6900000e+002
  6.4800000e+002  3.2700000e+002
  6.6600000e+002  3.2100000e+002
  6.8400000e+002  3.0000000e+002
  6.6900000e+002  2.8100000e+002
  6.5500000e+002  2.7600000e+002
  6.5100000e+002  2.3300000e+002
  5.8500000e+002  2.0200000e+002
  5.2100000e+002  1.9000000e+002
  5.0200000e+002  1.8900000e+002
  4.8300000e+002  1.8700000e+002
  4.5800000e+002  1.8400000e+002
  4.3400000e+002  1.7300000e+002
  1.8100000e+002  2.0800000e+002
  1.3500000e+002  2.2800000e+002
