  7.7000000e+001  4.4500000e+002
  1.4100000e+002  5.0300000e+002
  2.4600000e+002  5.4900000e+002
  2.7000000e+002  5.5100000e+002
  2.9100000e+002  5.6600000e+002
  3.0900000e+002  5.7000000e+002
  3.2500000e+002  5.7800000e+002
  4.1800000e+002  6.1800000e+002
  4.9900000e+002  6.0600000e+002
  5.1200000e+002  5.7300000e+002
  5.2700000e+002  5.7000000e+002
  5.3900000e+002  5.6100000e+002
  5.4200000e+002  5.4500000e+002
  5.3000000e+002  5.2100000e+002
  5.4100000e+002  5.0100000e+002
  5.1900000e+002  4.2900000e+002
  4.4700000e+002  3.5000000e+002
  4.2900000e+002  3.3600000e+002
  4.1700000e+002  3.2000000e+002
  4.0700000e+002  3.0400000e+002
  3.9300000e+002  2.8800000e+002
  1.9900000e+002  2.0700000e+002
  1.0400000e+002  2.1600000e+002
