  1.3400000e+002  4.6800000e+002
  2.0900000e+002  5.2500000e+002
  3.3300000e+002  5.8200000e+002
  3.5300000e+002  5.8400000e+002
  3.8500000e+002  5.8700000e+002
  4.1400000e+002  6.0000000e+002
  4.3800000e+002  6.1000000e+002
  5.2500000e+002  6.3600000e+002
  6.0500000e+002  6.1800000e+002
  6.0700000e+002  5.8200000e+002
  6.2700000e+002  5.8100000e+002
  6.4300000e+002  5.7600000e+002
  6.4300000e+002  5.5600000e+002
  6.3700000e+002  5.3300000e+002
  6.5000000e+002  5.1800000e+002
  6.1600000e+002  4.3600000e+002
  5.3000000e+002  3.6700000e+002
  5.1200000e+002  3.6000000e+002
  4.9100000e+002  3.4200000e+002
  4.7200000e+002  3.2200000e+002
  4.4400000e+002  3.0400000e+002
  2.9500000e+002  2.4400000e+002
  1.7800000e+002  2.6000000e+002
