  9.0000000e+001  4.3100000e+002
  1.6800000e+002  4.5000000e+002
  3.8300000e+002  4.6700000e+002
  4.1300000e+002  4.5600000e+002
  4.3500000e+002  4.5500000e+002
  4.5400000e+002  4.5000000e+002
  4.8700000e+002  4.5200000e+002
  5.9000000e+002  4.2500000e+002
  6.3900000e+002  3.6000000e+002
  6.1700000e+002  3.3800000e+002
  6.3700000e+002  3.3100000e+002
  6.5900000e+002  3.1000000e+002
  6.3900000e+002  2.9000000e+002
  6.2300000e+002  2.8600000e+002
  6.2800000e+002  2.4800000e+002
  5.6700000e+002  2.0600000e+002
  4.8300000e+002  1.8300000e+002
  4.5900000e+002  1.7900000e+002
  4.3500000e+002  1.7700000e+002
  4.1800000e+002  1.7800000e+002
  3.9000000e+002  1.7200000e+002
  1.7400000e+002  2.0600000e+002
  1.2400000e+002  2.3000000e+002
