  1.0000000e+002  4.2800000e+002
  1.7500000e+002  4.7900000e+002
  3.3900000e+002  5.5000000e+002
  3.6000000e+002  5.5000000e+002
  3.7700000e+002  5.5700000e+002
  3.9300000e+002  5.6100000e+002
  4.1000000e+002  5.6900000e+002
  5.0900000e+002  5.9500000e+002
  5.9200000e+002  5.6800000e+002
  5.9900000e+002  5.3800000e+002
  6.2600000e+002  5.3400000e+002
  6.5700000e+002  5.2800000e+002
  6.4000000e+002  4.9400000e+002
  6.2300000e+002  4.8700000e+002
  6.3100000e+002  4.6700000e+002
  5.8400000e+002  3.8600000e+002
  5.2100000e+002  3.3500000e+002
  4.9900000e+002  3.3000000e+002
  4.8500000e+002  3.2100000e+002
  4.7000000e+002  3.1100000e+002
  4.5700000e+002  3.0100000e+002
  2.3200000e+002  2.1000000e+002
  1.3600000e+002  2.2100000e+002
