  9.6000000e+001  4.5300000e+002
  1.5600000e+002  4.8400000e+002
  3.1400000e+002  5.0300000e+002
  3.3200000e+002  5.0500000e+002
  3.5100000e+002  5.1400000e+002
  3.7000000e+002  5.1100000e+002
  3.8900000e+002  5.1200000e+002
  4.7500000e+002  5.2500000e+002
  5.7000000e+002  4.8400000e+002
  5.6400000e+002  4.5000000e+002
  5.9100000e+002  4.4400000e+002
  6.1700000e+002  4.3200000e+002
  5.9700000e+002  4.0600000e+002
  5.8100000e+002  3.9700000e+002
  5.9500000e+002  3.7700000e+002
  5.4200000e+002  3.0300000e+002
  4.2500000e+002  2.5500000e+002
  3.9900000e+002  2.5000000e+002
  3.8300000e+002  2.3500000e+002
  3.6600000e+002  2.2500000e+002
  3.4700000e+002  2.1400000e+002
  1.4700000e+002  2.0900000e+002
  8.7000000e+001  2.3400000e+002
