  7.9000000e+001  4.5100000e+002
  1.5000000e+002  4.8400000e+002
  2.9200000e+002  5.0600000e+002
  3.1100000e+002  5.0400000e+002
  3.2600000e+002  5.0600000e+002
  3.4400000e+002  5.0900000e+002
  3.6200000e+002  5.1400000e+002
  4.5300000e+002  5.2000000e+002
  5.4000000e+002  4.7000000e+002
  5.3300000e+002  4.4300000e+002
  5.5000000e+002  4.3900000e+002
  5.6400000e+002  4.2600000e+002
  5.5500000e+002  4.0300000e+002
  5.4000000e+002  3.9200000e+002
  5.6100000e+002  3.6400000e+002
  5.1300000e+002  3.0200000e+002
  4.2100000e+002  2.6000000e+002
  4.0300000e+002  2.5100000e+002
  3.8600000e+002  2.4400000e+002
  3.6900000e+002  2.3700000e+002
  3.5800000e+002  2.2900000e+002
  1.5300000e+002  1.9700000e+002
  8.9000000e+001  2.1700000e+002
