  9.4000000e+001  4.7300000e+002
  1.5500000e+002  5.1600000e+002
  3.5800000e+002  5.8900000e+002
  3.8600000e+002  5.9600000e+002
  4.1000000e+002  6.0900000e+002
  4.3100000e+002  6.0500000e+002
  4.5200000e+002  6.0800000e+002
  5.5700000e+002  6.1900000e+002
  6.2000000e+002  5.8100000e+002
  6.1400000e+002  5.6100000e+002
  6.5700000e+002  5.5600000e+002
  6.9600000e+002  5.4700000e+002
  6.6200000e+002  5.2000000e+002
  6.2600000e+002  4.9700000e+002
  6.4200000e+002  4.7800000e+002
  6.0500000e+002  3.9200000e+002
  5.2300000e+002  3.6500000e+002
  5.0400000e+002  3.5700000e+002
  4.8300000e+002  3.3400000e+002
  4.5200000e+002  3.3100000e+002
  4.3100000e+002  3.2000000e+002
  2.3000000e+002  2.6800000e+002
  1.4400000e+002  2.7500000e+002
