  1.0800000e+002  4.6600000e+002
  2.0100000e+002  4.8900000e+002
  3.5000000e+002  5.0300000e+002
  3.8800000e+002  4.9600000e+002
  4.3000000e+002  5.0400000e+002
  4.6200000e+002  4.9100000e+002
  4.9300000e+002  4.8800000e+002
  5.6200000e+002  4.9000000e+002
  6.4000000e+002  4.3100000e+002
  6.2500000e+002  4.0000000e+002
  6.3900000e+002  3.9000000e+002
  6.5600000e+002  3.7100000e+002
  6.4300000e+002  3.5500000e+002
  6.2700000e+002  3.4400000e+002
  6.4500000e+002  3.1700000e+002
  5.4600000e+002  2.3000000e+002
  5.0300000e+002  2.3600000e+002
  4.7200000e+002  2.3600000e+002
  4.4700000e+002  2.2400000e+002
  4.0900000e+002  2.2000000e+002
  3.7200000e+002  2.1200000e+002
  1.8000000e+002  2.2100000e+002
  8.5000000e+001  2.6500000e+002
