  1.2700000e+002  4.4200000e+002
  2.1300000e+002  4.7700000e+002
  4.2700000e+002  4.8800000e+002
  4.5500000e+002  4.8300000e+002
  4.8800000e+002  4.8800000e+002
  5.0800000e+002  4.7700000e+002
  5.3300000e+002  4.7000000e+002
  5.9800000e+002  4.6500000e+002
  6.9200000e+002  3.8800000e+002
  6.7200000e+002  3.6000000e+002
  6.8700000e+002  3.4900000e+002
  6.9500000e+002  3.3100000e+002
  6.8500000e+002  3.1300000e+002
  6.7000000e+002  3.0300000e+002
  6.8500000e+002  2.7900000e+002
  5.9900000e+002  2.1200000e+002
  5.2900000e+002  2.1700000e+002
  5.0100000e+002  2.1600000e+002
  4.7100000e+002  2.0300000e+002
  4.3800000e+002  2.0600000e+002
  4.1400000e+002  2.0500000e+002
  2.4000000e+002  2.2100000e+002
  1.6100000e+002  2.3400000e+002
