  1.2800000e+002  4.7600000e+002
  1.8400000e+002  5.0900000e+002
  4.0200000e+002  6.0400000e+002
  4.1700000e+002  6.0500000e+002
  4.3900000e+002  6.1900000e+002
  4.6000000e+002  6.1600000e+002
  4.8200000e+002  6.1600000e+002
  5.8100000e+002  6.2800000e+002
  6.4900000e+002  5.9300000e+002
  6.4500000e+002  5.7500000e+002
  6.6900000e+002  5.7400000e+002
  6.9700000e+002  5.5700000e+002
  6.8200000e+002  5.3200000e+002
  6.6500000e+002  5.1800000e+002
  6.7900000e+002  4.9000000e+002
  6.1700000e+002  3.8700000e+002
  5.6000000e+002  3.7400000e+002
  5.3600000e+002  3.6400000e+002
  5.1700000e+002  3.4900000e+002
  4.8800000e+002  3.4000000e+002
  4.7100000e+002  3.2900000e+002
  2.3200000e+002  2.7000000e+002
  1.7000000e+002  2.7200000e+002
