  1.4500000e+002  4.3700000e+002
  2.4400000e+002  4.7500000e+002
  4.0800000e+002  4.9100000e+002
  4.3300000e+002  4.9400000e+002
  4.5900000e+002  5.0700000e+002
  4.8400000e+002  4.9600000e+002
  5.1100000e+002  4.9400000e+002
  5.8500000e+002  4.9800000e+002
  6.7600000e+002  4.4300000e+002
  6.4700000e+002  4.1200000e+002
  6.6900000e+002  4.0500000e+002
  6.9000000e+002  3.8400000e+002
  6.7600000e+002  3.6400000e+002
  6.6100000e+002  3.5600000e+002
  6.8400000e+002  3.3000000e+002
  6.1800000e+002  2.5600000e+002
  5.5000000e+002  2.4600000e+002
  5.2100000e+002  2.4300000e+002
  4.9700000e+002  2.2300000e+002
  4.7000000e+002  2.1900000e+002
  4.4700000e+002  2.2000000e+002
  2.3100000e+002  2.0400000e+002
  1.4000000e+002  2.3500000e+002
