  1.0800000e+002  4.6400000e+002
  2.0400000e+002  4.9300000e+002
  4.0500000e+002  5.2300000e+002
  4.2400000e+002  5.2100000e+002
  4.4300000e+002  5.2500000e+002
  4.6400000e+002  5.1900000e+002
  4.8700000e+002  5.1400000e+002
  6.0800000e+002  5.0100000e+002
  6.6300000e+002  4.5200000e+002
  6.5000000e+002  4.2700000e+002
  6.6300000e+002  4.1300000e+002
  6.7400000e+002  3.9500000e+002
  6.6800000e+002  3.8000000e+002
  6.5200000e+002  3.7100000e+002
  6.6200000e+002  3.4200000e+002
  5.6800000e+002  2.5800000e+002
  5.2300000e+002  2.6200000e+002
  4.8700000e+002  2.5500000e+002
  4.5800000e+002  2.4500000e+002
  4.3300000e+002  2.3800000e+002
  4.1500000e+002  2.3700000e+002
  2.0100000e+002  2.3100000e+002
  1.3100000e+002  2.6000000e+002
