  7.8000000e+001  4.3300000e+002
  1.6000000e+002  4.7800000e+002
  3.5800000e+002  5.0700000e+002
  3.7700000e+002  5.1200000e+002
  4.0500000e+002  5.1800000e+002
  4.2800000e+002  5.1100000e+002
  4.5100000e+002  5.0500000e+002
  5.3400000e+002  5.1400000e+002
  6.2500000e+002  4.5100000e+002
  6.0200000e+002  4.2300000e+002
  6.2100000e+002  4.1800000e+002
  6.3700000e+002  4.0100000e+002
  6.2500000e+002  3.7900000e+002
  6.0700000e+002  3.7000000e+002
  6.3100000e+002  3.4700000e+002
  5.6000000e+002  2.6700000e+002
  4.8200000e+002  2.5700000e+002
  4.5600000e+002  2.5200000e+002
  4.3200000e+002  2.4000000e+002
  4.1100000e+002  2.3900000e+002
  3.8500000e+002  2.3100000e+002
  1.8100000e+002  2.1700000e+002
  1.0700000e+002  2.3700000e+002
