  9.7000000e+001  4.2900000e+002
  1.7200000e+002  4.6500000e+002
  3.8500000e+002  5.0100000e+002
  4.0500000e+002  5.0500000e+002
  4.2900000e+002  5.1300000e+002
  4.5000000e+002  5.0600000e+002
  4.6800000e+002  5.0000000e+002
  5.5300000e+002  5.0700000e+002
  6.4800000e+002  4.5100000e+002
  6.2200000e+002  4.2000000e+002
  6.4100000e+002  4.1000000e+002
  6.6200000e+002  3.9200000e+002
  6.5300000e+002  3.7200000e+002
  6.3600000e+002  3.6600000e+002
  6.5300000e+002  3.4200000e+002
  5.6300000e+002  2.5200000e+002
  5.0400000e+002  2.5500000e+002
  4.8100000e+002  2.4300000e+002
  4.6000000e+002  2.2600000e+002
  4.3200000e+002  2.3200000e+002
  4.0700000e+002  2.2700000e+002
  2.1000000e+002  2.0700000e+002
  1.1600000e+002  2.3500000e+002
