  7.0000000e+001  4.6300000e+002
  1.6000000e+002  4.7700000e+002
  3.4900000e+002  4.5800000e+002
  3.7500000e+002  4.5200000e+002
  3.9500000e+002  4.5300000e+002
  4.1200000e+002  4.4600000e+002
  4.3700000e+002  4.3900000e+002
  5.1900000e+002  4.2100000e+002
  5.9500000e+002  3.3500000e+002
  5.7300000e+002  3.1400000e+002
  5.8800000e+002  3.0400000e+002
  5.9900000e+002  2.7600000e+002
  5.8800000e+002  2.6400000e+002
  5.7300000e+002  2.6300000e+002
  5.7900000e+002  2.1900000e+002
  4.8200000e+002  1.6900000e+002
  3.9600000e+002  1.8600000e+002
  3.7400000e+002  1.8100000e+002
  3.5500000e+002  1.7400000e+002
  3.3000000e+002  1.8600000e+002
  3.0300000e+002  1.8500000e+002
  1.1000000e+002  2.2500000e+002
  5.0000000e+001  2.6200000e+002
