  7.8000000e+001  4.7700000e+002
  1.5400000e+002  5.0200000e+002
  3.7000000e+002  5.0100000e+002
  3.8800000e+002  4.9900000e+002
  4.1100000e+002  5.2100000e+002
  4.3400000e+002  5.1400000e+002
  4.5500000e+002  5.1400000e+002
  5.4500000e+002  5.0800000e+002
  6.2800000e+002  4.3800000e+002
  6.0800000e+002  4.1000000e+002
  6.2400000e+002  3.9800000e+002
  6.3700000e+002  3.7900000e+002
  6.2500000e+002  3.6100000e+002
  6.1100000e+002  3.5400000e+002
  6.2800000e+002  3.2400000e+002
  5.4300000e+002  2.4800000e+002
  4.7200000e+002  2.5500000e+002
  4.4600000e+002  2.5600000e+002
  4.2100000e+002  2.4500000e+002
  3.9800000e+002  2.4500000e+002
  3.7700000e+002  2.4100000e+002
  1.5700000e+002  2.5200000e+002
  8.6000000e+001  2.7700000e+002
