  1.1200000e+002  4.1400000e+002
  2.1600000e+002  4.5700000e+002
  3.8400000e+002  4.8600000e+002
  4.1400000e+002  4.9300000e+002
  4.4800000e+002  4.9800000e+002
  4.7200000e+002  4.9600000e+002
  4.9200000e+002  4.9200000e+002
  5.5100000e+002  5.0000000e+002
  6.6700000e+002  4.3400000e+002
  6.3700000e+002  4.1300000e+002
  6.5300000e+002  4.0900000e+002
  6.8200000e+002  3.8600000e+002
  6.5400000e+002  3.6100000e+002
  6.3900000e+002  3.5500000e+002
  6.7500000e+002  3.3700000e+002
  5.7400000e+002  2.3700000e+002
  5.2400000e+002  2.3500000e+002
  5.0200000e+002  2.2900000e+002
  4.7700000e+002  2.1200000e+002
  4.4500000e+002  2.1300000e+002
  4.2000000e+002  2.0700000e+002
  2.2300000e+002  1.9500000e+002
  1.2300000e+002  2.2700000e+002
