  9.9000000e+001  4.4300000e+002
  1.6800000e+002  4.6300000e+002
  3.6400000e+002  4.6800000e+002
  3.9500000e+002  4.6200000e+002
  4.1900000e+002  4.7000000e+002
  4.4500000e+002  4.7000000e+002
  4.6700000e+002  4.6900000e+002
  5.4900000e+002  4.5700000e+002
  6.2900000e+002  3.8000000e+002
  6.1100000e+002  3.5900000e+002
  6.2400000e+002  3.5100000e+002
  6.3900000e+002  3.2500000e+002
  6.2800000e+002  3.0800000e+002
  6.1200000e+002  3.0400000e+002
  6.2900000e+002  2.7300000e+002
  5.4700000e+002  2.0200000e+002
  4.6600000e+002  2.0400000e+002
  4.4200000e+002  1.9900000e+002
  4.1900000e+002  1.9000000e+002
  3.9000000e+002  1.8900000e+002
  3.6400000e+002  1.8400000e+002
  1.5600000e+002  2.1000000e+002
  9.4000000e+001  2.3700000e+002
