  8.3000000e+001  4.5500000e+002
  1.6800000e+002  4.8600000e+002
  3.1000000e+002  4.9800000e+002
  3.5300000e+002  5.0700000e+002
  3.9800000e+002  5.1500000e+002
  4.2600000e+002  5.0900000e+002
  4.5800000e+002  5.0600000e+002
  5.0600000e+002  5.1300000e+002
  6.0700000e+002  4.5600000e+002
  5.7500000e+002  4.2300000e+002
  5.9300000e+002  4.1800000e+002
  6.2300000e+002  3.9200000e+002
  6.0200000e+002  3.7400000e+002
  5.8600000e+002  3.5800000e+002
  6.1800000e+002  3.3500000e+002
  5.4400000e+002  2.5600000e+002
  4.8800000e+002  2.4900000e+002
  4.5800000e+002  2.4000000e+002
  4.3000000e+002  2.3400000e+002
  3.9500000e+002  2.3800000e+002
  3.6600000e+002  2.3300000e+002
  1.8700000e+002  2.1800000e+002
  1.0000000e+002  2.4200000e+002
