  9.8000000e+001  4.7600000e+002
  1.9300000e+002  5.0600000e+002
  4.1200000e+002  5.0000000e+002
  4.3000000e+002  5.0900000e+002
  4.5700000e+002  5.3000000e+002
  4.8200000e+002  5.2100000e+002
  5.0300000e+002  5.1600000e+002
  5.9100000e+002  5.1400000e+002
  6.6600000e+002  4.5200000e+002
  6.4700000e+002  4.2100000e+002
  6.6300000e+002  4.1000000e+002
  6.7500000e+002  3.9600000e+002
  6.6300000e+002  3.7700000e+002
  6.4900000e+002  3.6900000e+002
  6.6500000e+002  3.3200000e+002
  5.8700000e+002  2.6500000e+002
  5.0100000e+002  2.6100000e+002
  4.7800000e+002  2.6500000e+002
  4.5900000e+002  2.5400000e+002
  4.2900000e+002  2.5400000e+002
  4.0600000e+002  2.5200000e+002
  1.9700000e+002  2.6200000e+002
  1.0400000e+002  2.7700000e+002
