  1.3200000e+002  4.7700000e+002
  2.3100000e+002  5.0800000e+002
  4.1500000e+002  5.0000000e+002
  4.4000000e+002  4.8900000e+002
  4.8100000e+002  4.9900000e+002
  5.0200000e+002  4.8800000e+002
  5.2200000e+002  4.8200000e+002
  5.8700000e+002  4.8200000e+002
  6.8200000e+002  4.0800000e+002
  6.6600000e+002  3.8100000e+002
  6.7600000e+002  3.6900000e+002
  6.9200000e+002  3.5200000e+002
  6.7900000e+002  3.3200000e+002
  6.6500000e+002  3.2400000e+002
  6.8000000e+002  2.9500000e+002
  5.7500000e+002  2.2100000e+002
  5.2100000e+002  2.2900000e+002
  4.9000000e+002  2.2900000e+002
  4.7000000e+002  2.1900000e+002
  4.4400000e+002  2.2000000e+002
  4.1800000e+002  2.1700000e+002
  2.1300000e+002  2.3700000e+002
  1.1800000e+002  2.8200000e+002
