  9.3000000e+001  4.3400000e+002
  1.7900000e+002  4.6900000e+002
  3.6900000e+002  4.8100000e+002
  4.0400000e+002  4.8300000e+002
  4.3200000e+002  4.8900000e+002
  4.5300000e+002  4.8000000e+002
  4.7400000e+002  4.7300000e+002
  5.7300000e+002  4.7300000e+002
  6.4500000e+002  4.0900000e+002
  6.2500000e+002  3.7800000e+002
  6.4400000e+002  3.7000000e+002
  6.5900000e+002  3.5200000e+002
  6.4800000e+002  3.3400000e+002
  6.2700000e+002  3.2500000e+002
  6.4100000e+002  2.9000000e+002
  5.5900000e+002  2.2300000e+002
  5.0600000e+002  2.2600000e+002
  4.8100000e+002  2.1600000e+002
  4.4900000e+002  2.0100000e+002
  4.1800000e+002  2.1300000e+002
  3.9100000e+002  2.0900000e+002
  2.0500000e+002  2.0600000e+002
  1.1400000e+002  2.3300000e+002
