  9.1000000e+001  4.7700000e+002
  1.8800000e+002  5.0700000e+002
  3.9700000e+002  4.9700000e+002
  4.1000000e+002  5.0700000e+002
  4.3400000e+002  5.2700000e+002
  4.6600000e+002  5.1500000e+002
  4.8700000e+002  5.1400000e+002
  5.7400000e+002  5.1100000e+002
  6.4700000e+002  4.4800000e+002
  6.2600000e+002  4.1800000e+002
  6.4500000e+002  4.0900000e+002
  6.5800000e+002  3.9100000e+002
  6.4500000e+002  3.7100000e+002
  6.3000000e+002  3.6300000e+002
  6.4700000e+002  3.3600000e+002
  5.6500000e+002  2.5900000e+002
  4.8900000e+002  2.6100000e+002
  4.6500000e+002  2.6200000e+002
  4.3900000e+002  2.4900000e+002
  4.1400000e+002  2.5200000e+002
  3.8700000e+002  2.4600000e+002
  1.8500000e+002  2.5300000e+002
  1.0700000e+002  2.8500000e+002
