  9.5000000e+001  4.7200000e+002
  1.5800000e+002  4.8100000e+002
  3.8700000e+002  4.4700000e+002
  4.0600000e+002  4.4700000e+002
  4.3500000e+002  4.6000000e+002
  4.5500000e+002  4.4900000e+002
  4.7000000e+002  4.4300000e+002
  5.4800000e+002  4.3300000e+002
  6.2900000e+002  3.3800000e+002
  6.1300000e+002  3.2100000e+002
  6.2100000e+002  3.0100000e+002
  6.3000000e+002  2.8200000e+002
  6.2100000e+002  2.6500000e+002
  6.0200000e+002  2.6100000e+002
  6.1200000e+002  2.2400000e+002
  5.1500000e+002  1.7100000e+002
  3.8500000e+002  1.8800000e+002
  3.6600000e+002  1.8600000e+002
  3.4900000e+002  1.8700000e+002
  3.2700000e+002  1.9300000e+002
  3.1000000e+002  1.9900000e+002
  1.3200000e+002  2.4100000e+002
  7.3000000e+001  2.7300000e+002
