  8.7000000e+001  4.4500000e+002
  1.5100000e+002  4.6100000e+002
  3.4300000e+002  4.6300000e+002
  3.6300000e+002  4.5900000e+002
  3.9500000e+002  4.7300000e+002
  4.1700000e+002  4.6500000e+002
  4.4000000e+002  4.5600000e+002
  5.2500000e+002  4.6300000e+002
  6.0500000e+002  3.9300000e+002
  5.9000000e+002  3.6700000e+002
  6.0500000e+002  3.5400000e+002
  6.1800000e+002  3.3400000e+002
  6.0600000e+002  3.1900000e+002
  5.8900000e+002  3.1300000e+002
  6.0700000e+002  2.8100000e+002
  5.2400000e+002  2.0300000e+002
  4.5500000e+002  2.0900000e+002
  4.2900000e+002  2.0100000e+002
  3.9800000e+002  1.8800000e+002
  3.6900000e+002  1.8900000e+002
  3.4300000e+002  1.8500000e+002
  1.4600000e+002  1.9900000e+002
  7.6000000e+001  2.3400000e+002
