  1.2300000e+002  4.2400000e+002
  2.1000000e+002  4.6400000e+002
  3.8800000e+002  4.7200000e+002
  4.1700000e+002  4.7400000e+002
  4.5400000e+002  4.8100000e+002
  4.8400000e+002  4.7300000e+002
  5.0400000e+002  4.6600000e+002
  5.9200000e+002  4.7000000e+002
  6.7000000e+002  4.0800000e+002
  6.5200000e+002  3.7900000e+002
  6.6800000e+002  3.7200000e+002
  6.8600000e+002  3.5700000e+002
  6.7300000e+002  3.3500000e+002
  6.5400000e+002  3.2500000e+002
  6.7300000e+002  2.9100000e+002
  5.9000000e+002  2.1700000e+002
  5.2300000e+002  2.2000000e+002
  5.0400000e+002  2.0800000e+002
  4.8200000e+002  1.9400000e+002
  4.5100000e+002  2.0100000e+002
  4.2700000e+002  2.0200000e+002
  2.3500000e+002  1.9500000e+002
  1.2400000e+002  2.2900000e+002
