  1.0400000e+002  4.3900000e+002
  1.7300000e+002  4.6200000e+002
  3.8900000e+002  4.7500000e+002
  4.1200000e+002  4.6700000e+002
  4.4600000e+002  4.7500000e+002
  4.6700000e+002  4.6500000e+002
  4.9000000e+002  4.5800000e+002
  5.6900000e+002  4.5800000e+002
  6.5600000e+002  3.9000000e+002
  6.3600000e+002  3.5900000e+002
  6.5000000e+002  3.4800000e+002
  6.6400000e+002  3.2600000e+002
  6.5100000e+002  3.0700000e+002
  6.3500000e+002  3.0200000e+002
  6.5400000e+002  2.7100000e+002
  5.6800000e+002  2.0500000e+002
  4.7700000e+002  2.0700000e+002
  4.4800000e+002  2.0200000e+002
  4.3200000e+002  1.9400000e+002
  4.1100000e+002  1.9500000e+002
  3.8700000e+002  1.9100000e+002
  1.8700000e+002  2.1400000e+002
  1.0700000e+002  2.4600000e+002
