  3.8000000e+001  4.4800000e+002
  1.3600000e+002  5.0300000e+002
  2.7800000e+002  5.5100000e+002
  3.0900000e+002  5.6000000e+002
  3.4900000e+002  5.8000000e+002
  3.7700000e+002  5.6700000e+002
  4.2000000e+002  5.6800000e+002
  4.7900000e+002  5.8300000e+002
  5.9000000e+002  5.5000000e+002
  5.8600000e+002  5.2000000e+002
  5.9900000e+002  5.1600000e+002
  6.0800000e+002  5.0500000e+002
  5.9600000e+002  4.8700000e+002
  5.8800000e+002  4.7100000e+002
  6.1400000e+002  4.4500000e+002
  5.5300000e+002  3.5200000e+002
  4.9300000e+002  3.2900000e+002
  4.6800000e+002  3.1300000e+002
  4.3700000e+002  2.8300000e+002
  4.1100000e+002  2.8300000e+002
  3.8100000e+002  2.6800000e+002
  1.9300000e+002  2.2500000e+002
  1.0600000e+002  2.2800000e+002
