  7.6000000e+001  4.3800000e+002
  1.6400000e+002  4.8700000e+002
  2.9600000e+002  5.4300000e+002
  3.3700000e+002  5.5900000e+002
  3.7000000e+002  5.8000000e+002
  3.9200000e+002  5.7700000e+002
  4.1000000e+002  5.7100000e+002
  4.9800000e+002  5.9600000e+002
  6.1700000e+002  5.6600000e+002
  6.1300000e+002  5.4300000e+002
  6.2900000e+002  5.4100000e+002
  6.4500000e+002  5.3100000e+002
  6.3800000e+002  5.1100000e+002
  6.1800000e+002  4.9700000e+002
  6.4900000e+002  4.6800000e+002
  5.7400000e+002  3.6000000e+002
  5.1100000e+002  3.3300000e+002
  4.9200000e+002  3.1200000e+002
  4.7400000e+002  2.9300000e+002
  4.4500000e+002  2.9100000e+002
  4.2000000e+002  2.7200000e+002
  2.2400000e+002  2.1500000e+002
  1.4000000e+002  2.2500000e+002
