  9.5000000e+001  4.5500000e+002
  1.8300000e+002  4.7000000e+002
  3.7900000e+002  4.3600000e+002
  3.9500000e+002  4.3600000e+002
  4.2500000e+002  4.4500000e+002
  4.4600000e+002  4.3300000e+002
  4.6300000e+002  4.2300000e+002
  5.3500000e+002  4.0300000e+002
  6.2500000e+002  3.1300000e+002
  6.1100000e+002  2.8800000e+002
  6.2600000e+002  2.7500000e+002
  6.3900000e+002  2.5500000e+002
  6.2000000e+002  2.3200000e+002
  6.0100000e+002  2.2800000e+002
  6.0700000e+002  2.0000000e+002
  5.0800000e+002  1.5200000e+002
  4.3100000e+002  1.5900000e+002
  4.0300000e+002  1.5700000e+002
  3.7300000e+002  1.5500000e+002
  3.4700000e+002  1.6200000e+002
  3.2300000e+002  1.6500000e+002
  1.6200000e+002  1.9300000e+002
  1.0100000e+002  2.2500000e+002
