  8.0000000e+001  4.3400000e+002
  1.6900000e+002  4.5900000e+002
  3.1100000e+002  4.7100000e+002
  3.3700000e+002  4.7200000e+002
  3.6800000e+002  4.8200000e+002
  3.9300000e+002  4.8100000e+002
  4.0900000e+002  4.8000000e+002
  5.1100000e+002  4.7000000e+002
  6.2100000e+002  4.0000000e+002
  6.1000000e+002  3.7600000e+002
  6.2400000e+002  3.6800000e+002
  6.6100000e+002  3.3900000e+002
  6.3100000e+002  3.2400000e+002
  6.0900000e+002  3.1700000e+002
  6.2100000e+002  2.8600000e+002
  5.2200000e+002  2.1300000e+002
  4.6700000e+002  2.0900000e+002
  4.4300000e+002  2.0300000e+002
  4.1300000e+002  1.9100000e+002
  3.8800000e+002  2.0100000e+002
  3.6300000e+002  2.0300000e+002
  1.2500000e+002  2.1400000e+002
  6.7000000e+001  2.2000000e+002
