  7.0000000e+001  4.3300000e+002
  1.3900000e+002  4.5200000e+002
  3.6200000e+002  4.6100000e+002
  3.8700000e+002  4.4900000e+002
  4.1500000e+002  4.5300000e+002
  4.3400000e+002  4.4800000e+002
  4.5500000e+002  4.4400000e+002
  5.4500000e+002  4.3100000e+002
  6.2800000e+002  3.5900000e+002
  6.1900000e+002  3.2700000e+002
  6.3400000e+002  3.1300000e+002
  6.4300000e+002  2.9300000e+002
  6.3100000e+002  2.7500000e+002
  6.1400000e+002  2.7000000e+002
  6.2600000e+002  2.4700000e+002
  5.4600000e+002  1.8500000e+002
  4.4700000e+002  1.7100000e+002
  4.2900000e+002  1.6400000e+002
  4.1200000e+002  1.5700000e+002
  3.9000000e+002  1.6000000e+002
  3.6800000e+002  1.5700000e+002
  1.2900000e+002  1.9600000e+002
  6.4000000e+001  2.3100000e+002
