  1.4500000e+002  4.5900000e+002
  2.1500000e+002  4.6900000e+002
  3.7900000e+002  4.4800000e+002
  4.0500000e+002  4.4300000e+002
  4.3400000e+002  4.5000000e+002
  4.5300000e+002  4.4100000e+002
  4.7400000e+002  4.3000000e+002
  5.4900000e+002  4.1500000e+002
  6.4100000e+002  3.2800000e+002
  6.2300000e+002  2.9500000e+002
  6.4100000e+002  2.8600000e+002
  6.5800000e+002  2.7000000e+002
  6.3900000e+002  2.4600000e+002
  6.1900000e+002  2.4100000e+002
  6.2600000e+002  2.1600000e+002
  5.1800000e+002  1.6000000e+002
  4.5000000e+002  1.6900000e+002
  4.2200000e+002  1.6300000e+002
  4.0000000e+002  1.5500000e+002
  3.7800000e+002  1.6900000e+002
  3.5100000e+002  1.7000000e+002
  1.8000000e+002  1.9000000e+002
  1.1300000e+002  2.1700000e+002
