  1.4100000e+002  4.5000000e+002
  2.3900000e+002  4.5600000e+002
  3.9400000e+002  4.5200000e+002
  4.2300000e+002  4.5100000e+002
  4.4900000e+002  4.5400000e+002
  4.7300000e+002  4.4300000e+002
  4.9300000e+002  4.3600000e+002
  5.6100000e+002  4.2400000e+002
  6.6200000e+002  3.4000000e+002
  6.4700000e+002  3.1300000e+002
  6.5900000e+002  3.0300000e+002
  6.8000000e+002  2.8400000e+002
  6.5900000e+002  2.6600000e+002
  6.4400000e+002  2.5500000e+002
  6.5100000e+002  2.3100000e+002
  5.4700000e+002  1.6500000e+002
  4.8000000e+002  1.7300000e+002
  4.5700000e+002  1.6300000e+002
  4.3200000e+002  1.5600000e+002
  4.0900000e+002  1.7000000e+002
  3.8700000e+002  1.7000000e+002
  1.9100000e+002  1.7500000e+002
  1.2600000e+002  2.0600000e+002
