  1.1400000e+002  4.4400000e+002
  1.7700000e+002  4.6000000e+002
  3.9700000e+002  4.6100000e+002
  4.2500000e+002  4.5400000e+002
  4.4900000e+002  4.6100000e+002
  4.7000000e+002  4.5400000e+002
  4.8800000e+002  4.4500000e+002
  5.7500000e+002  4.3500000e+002
  6.6400000e+002  3.6200000e+002
  6.5000000e+002  3.2700000e+002
  6.6900000e+002  3.1700000e+002
  6.8500000e+002  2.9700000e+002
  6.7100000e+002  2.7900000e+002
  6.5500000e+002  2.7300000e+002
  6.6300000e+002  2.4700000e+002
  5.5900000e+002  1.8400000e+002
  5.0200000e+002  1.8300000e+002
  4.6800000e+002  1.7500000e+002
  4.4200000e+002  1.6800000e+002
  4.2100000e+002  1.6900000e+002
  3.9400000e+002  1.6500000e+002
  1.7600000e+002  1.9700000e+002
  9.2000000e+001  2.3300000e+002
