  1.2800000e+002  4.1500000e+002
  2.4000000e+002  4.3900000e+002
  4.1400000e+002  4.4200000e+002
  4.3700000e+002  4.3700000e+002
  4.6500000e+002  4.4000000e+002
  4.9000000e+002  4.2900000e+002
  5.1200000e+002  4.2400000e+002
  5.7900000e+002  4.1900000e+002
  6.8400000e+002  3.3800000e+002
  6.7100000e+002  3.1200000e+002
  6.8600000e+002  2.9800000e+002
  6.9600000e+002  2.7400000e+002
  6.8500000e+002  2.6100000e+002
  6.7000000e+002  2.5400000e+002
  6.8100000e+002  2.2300000e+002
  5.8200000e+002  1.6200000e+002
  5.0400000e+002  1.6500000e+002
  4.8200000e+002  1.5700000e+002
  4.5600000e+002  1.4700000e+002
  4.3800000e+002  1.5500000e+002
  4.1400000e+002  1.6000000e+002
  2.0900000e+002  1.6300000e+002
  1.2900000e+002  1.9700000e+002
