  7.6000000e+001  4.4300000e+002
  1.5100000e+002  4.4700000e+002
  2.9600000e+002  4.3700000e+002
  3.2000000e+002  4.2900000e+002
  3.5300000e+002  4.2900000e+002
  3.7800000e+002  4.2200000e+002
  4.1300000e+002  4.0900000e+002
  4.7100000e+002  4.1200000e+002
  5.7100000e+002  3.2600000e+002
  5.6300000e+002  2.9300000e+002
  5.8200000e+002  2.8600000e+002
  6.1300000e+002  2.6600000e+002
  5.8100000e+002  2.4800000e+002
  5.6200000e+002  2.4200000e+002
  5.6600000e+002  2.1700000e+002
  4.5900000e+002  1.5400000e+002
  4.1400000e+002  1.5300000e+002
  3.7600000e+002  1.4600000e+002
  3.3900000e+002  1.3500000e+002
  3.1400000e+002  1.4700000e+002
  2.8700000e+002  1.5300000e+002
  1.2300000e+002  1.7700000e+002
  5.4000000e+001  2.1000000e+002
