  1.3300000e+002  4.4800000e+002
  2.0500000e+002  4.6900000e+002
  3.6700000e+002  4.6500000e+002
  3.8900000e+002  4.5800000e+002
  4.1400000e+002  4.6300000e+002
  4.3100000e+002  4.5200000e+002
  4.4900000e+002  4.4500000e+002
  5.2000000e+002  4.4100000e+002
  6.2100000e+002  3.6200000e+002
  6.0900000e+002  3.3200000e+002
  6.1800000e+002  3.2000000e+002
  6.2500000e+002  3.0400000e+002
  6.1700000e+002  2.8900000e+002
  6.0400000e+002  2.8200000e+002
  6.1600000e+002  2.5900000e+002
  5.2200000e+002  2.0000000e+002
  4.6500000e+002  1.9600000e+002
  4.2400000e+002  1.9300000e+002
  4.0300000e+002  1.8300000e+002
  3.8300000e+002  1.9400000e+002
  3.5900000e+002  1.9800000e+002
  1.8100000e+002  2.0600000e+002
  1.2300000e+002  2.3100000e+002
