  2.9000000e+001  4.6500000e+002
  7.5000000e+001  4.7200000e+002
  2.4000000e+002  4.7500000e+002
  2.6000000e+002  4.7700000e+002
  2.8800000e+002  4.8700000e+002
  3.0900000e+002  4.8200000e+002
  3.3000000e+002  4.8000000e+002
  4.2100000e+002  4.4200000e+002
  4.9900000e+002  3.6800000e+002
  4.8600000e+002  3.4300000e+002
  4.9900000e+002  3.3300000e+002
  5.0500000e+002  3.1800000e+002
  4.9800000e+002  3.0300000e+002
  4.8600000e+002  2.9600000e+002
  4.9800000e+002  2.6500000e+002
  4.0700000e+002  2.0400000e+002
  3.3000000e+002  2.0300000e+002
  3.0900000e+002  2.0100000e+002
  2.8900000e+002  1.9200000e+002
  2.6900000e+002  1.9600000e+002
  2.4300000e+002  1.9600000e+002
  7.0000000e+001  2.1400000e+002
  1.8000000e+001  2.3800000e+002
