  3.0000000e+001  4.6000000e+002
  8.9000000e+001  4.7200000e+002
  2.0800000e+002  4.7400000e+002
  2.3600000e+002  4.6400000e+002
  2.6400000e+002  4.7600000e+002
  2.8400000e+002  4.6900000e+002
  3.0600000e+002  4.6200000e+002
  3.8400000e+002  4.5700000e+002
  4.8300000e+002  3.8800000e+002
  4.6900000e+002  3.6500000e+002
  4.8300000e+002  3.5200000e+002
  4.8900000e+002  3.3500000e+002
  4.8100000e+002  3.2100000e+002
  4.6800000e+002  3.1500000e+002
  4.8400000e+002  2.8200000e+002
  4.0100000e+002  2.2300000e+002
  3.1800000e+002  2.1300000e+002
  2.9700000e+002  2.0900000e+002
  2.7400000e+002  2.0000000e+002
  2.5900000e+002  2.0200000e+002
  2.3800000e+002  2.0000000e+002
  6.8000000e+001  2.0700000e+002
  2.0000000e+001  2.2600000e+002
