  8.0000000e+001  4.2700000e+002
  1.4800000e+002  4.5200000e+002
  3.0000000e+002  4.5700000e+002
  3.2700000e+002  4.5600000e+002
  3.5600000e+002  4.7100000e+002
  3.7800000e+002  4.7000000e+002
  4.0000000e+002  4.6800000e+002
  4.8700000e+002  4.4600000e+002
  5.6600000e+002  3.8600000e+002
  5.5500000e+002  3.5800000e+002
  5.6700000e+002  3.4800000e+002
  5.7300000e+002  3.3200000e+002
  5.6500000e+002  3.1400000e+002
  5.5600000e+002  3.0700000e+002
  5.6800000e+002  2.8500000e+002
  4.8000000e+002  2.1700000e+002
  4.2000000e+002  2.1000000e+002
  3.9000000e+002  2.0200000e+002
  3.6400000e+002  1.9200000e+002
  3.4500000e+002  1.9500000e+002
  3.1700000e+002  1.9200000e+002
  1.2700000e+002  2.0100000e+002
  6.2000000e+001  2.1900000e+002
