  2.5000000e+001  4.5900000e+002
  6.5000000e+001  4.6900000e+002
  1.9500000e+002  4.7900000e+002
  2.1300000e+002  4.7400000e+002
  2.3700000e+002  4.8800000e+002
  2.5900000e+002  4.8200000e+002
  2.7500000e+002  4.7400000e+002
  3.6700000e+002  4.7100000e+002
  4.6500000e+002  4.0400000e+002
  4.4900000e+002  3.7800000e+002
  4.6200000e+002  3.6900000e+002
  4.7100000e+002  3.5400000e+002
  4.6300000e+002  3.3600000e+002
  4.5000000e+002  3.3000000e+002
  4.6700000e+002  2.9900000e+002
  3.7800000e+002  2.3600000e+002
  3.0800000e+002  2.2700000e+002
  2.8500000e+002  2.1900000e+002
  2.5900000e+002  2.1100000e+002
  2.3500000e+002  2.1100000e+002
  2.1100000e+002  2.0800000e+002
  6.4000000e+001  2.0600000e+002
  1.8000000e+001  2.2300000e+002
