  1.6900000e+002  4.2400000e+002
  2.2200000e+002  4.4200000e+002
  3.8900000e+002  4.6300000e+002
  4.1500000e+002  4.6400000e+002
  4.4000000e+002  4.6800000e+002
  4.6000000e+002  4.6200000e+002
  4.7500000e+002  4.5400000e+002
  5.5800000e+002  4.5400000e+002
  6.5700000e+002  3.8600000e+002
  6.4100000e+002  3.5900000e+002
  6.5600000e+002  3.5100000e+002
  6.6300000e+002  3.3300000e+002
  6.5500000e+002  3.1700000e+002
  6.4400000e+002  3.1000000e+002
  6.5600000e+002  2.8500000e+002
  5.7800000e+002  2.2000000e+002
  5.2000000e+002  2.1000000e+002
  4.8600000e+002  1.9200000e+002
  4.5300000e+002  1.8300000e+002
  4.3200000e+002  1.9200000e+002
  3.9900000e+002  1.9400000e+002
  2.3200000e+002  1.8300000e+002
  1.6300000e+002  2.0600000e+002
