  1.4300000e+002  4.4000000e+002
  2.0100000e+002  4.5800000e+002
  3.8000000e+002  4.6800000e+002
  4.0400000e+002  4.6200000e+002
  4.3400000e+002  4.6500000e+002
  4.5100000e+002  4.5300000e+002
  4.7000000e+002  4.5000000e+002
  5.4000000e+002  4.4600000e+002
  6.3900000e+002  3.7200000e+002
  6.2100000e+002  3.4400000e+002
  6.3400000e+002  3.3100000e+002
  6.4100000e+002  3.1200000e+002
  6.3700000e+002  2.9400000e+002
  6.2700000e+002  2.8900000e+002
  6.3300000e+002  2.6800000e+002
  5.5000000e+002  2.1200000e+002
  4.9200000e+002  2.0200000e+002
  4.6000000e+002  1.9400000e+002
  4.2400000e+002  1.9200000e+002
  4.1000000e+002  2.0100000e+002
  3.7800000e+002  1.9900000e+002
  2.1100000e+002  1.9700000e+002
  1.4000000e+002  2.2300000e+002
