  8.3000000e+001  4.3300000e+002
  1.3800000e+002  4.5100000e+002
  3.3200000e+002  4.6300000e+002
  3.5000000e+002  4.6000000e+002
  3.7200000e+002  4.6900000e+002
  3.9500000e+002  4.6900000e+002
  4.1300000e+002  4.6800000e+002
  5.1600000e+002  4.4300000e+002
  5.9300000e+002  3.7200000e+002
  5.7300000e+002  3.4900000e+002
  5.8500000e+002  3.4000000e+002
  5.9600000e+002  3.2300000e+002
  5.8800000e+002  3.0600000e+002
  5.7800000e+002  2.9900000e+002
  5.8900000e+002  2.6800000e+002
  4.9300000e+002  2.0900000e+002
  4.3100000e+002  2.1200000e+002
  4.0700000e+002  2.0600000e+002
  3.7800000e+002  1.9600000e+002
  3.6300000e+002  2.0300000e+002
  3.4100000e+002  2.0200000e+002
  1.4100000e+002  2.1400000e+002
  8.3000000e+001  2.3200000e+002
