  3.0000000e+001  4.1400000e+002
  9.7000000e+001  4.3900000e+002
  2.5000000e+002  4.5700000e+002
  2.7300000e+002  4.6600000e+002
  3.0200000e+002  4.7300000e+002
  3.2700000e+002  4.5900000e+002
  3.5300000e+002  4.4900000e+002
  4.2500000e+002  4.6300000e+002
  5.2500000e+002  3.9300000e+002
  4.8700000e+002  3.8300000e+002
  5.1500000e+002  3.6900000e+002
  5.4900000e+002  3.5100000e+002
  5.2300000e+002  3.3000000e+002
  4.9600000e+002  3.2000000e+002
  5.2700000e+002  2.8800000e+002
  4.2600000e+002  2.3100000e+002
  3.8600000e+002  2.3500000e+002
  3.4700000e+002  2.2000000e+002
  3.2200000e+002  2.0100000e+002
  2.8900000e+002  2.2600000e+002
  2.6600000e+002  2.1700000e+002
  1.0000000e+002  1.9600000e+002
  2.2000000e+001  2.2200000e+002
