  5.8000000e+001  4.4300000e+002
  1.3400000e+002  4.8900000e+002
  2.2900000e+002  5.3600000e+002
  2.6800000e+002  5.5400000e+002
  2.8600000e+002  5.9500000e+002
  3.1600000e+002  5.9700000e+002
  3.3900000e+002  6.0100000e+002
  4.2900000e+002  6.5400000e+002
  5.1500000e+002  6.5900000e+002
  5.3100000e+002  6.2300000e+002
  5.4900000e+002  6.2100000e+002
  5.6300000e+002  6.1400000e+002
  5.6100000e+002  5.8800000e+002
  5.5300000e+002  5.7700000e+002
  5.8900000e+002  5.5400000e+002
  5.4400000e+002  4.5000000e+002
  4.6900000e+002  3.9600000e+002
  4.5000000e+002  3.7800000e+002
  4.3000000e+002  3.5600000e+002
  4.0700000e+002  3.4400000e+002
  3.8300000e+002  3.2300000e+002
  1.9300000e+002  2.3100000e+002
  7.2000000e+001  2.3600000e+002
