  2.2000000e+001  4.4900000e+002
  9.2000000e+001  4.8600000e+002
  2.1900000e+002  5.2400000e+002
  2.4400000e+002  5.3200000e+002
  2.6900000e+002  5.6000000e+002
  3.0000000e+002  5.5900000e+002
  3.2400000e+002  5.6500000e+002
  4.0300000e+002  5.9700000e+002
  5.1900000e+002  5.8000000e+002
  5.2200000e+002  5.4500000e+002
  5.3800000e+002  5.4000000e+002
  5.5400000e+002  5.3300000e+002
  5.5600000e+002  5.1900000e+002
  5.4800000e+002  5.0100000e+002
  5.6200000e+002  4.7700000e+002
  5.0500000e+002  3.7800000e+002
  4.2100000e+002  3.2400000e+002
  3.9700000e+002  3.0800000e+002
  3.8100000e+002  2.8700000e+002
  3.5800000e+002  2.8200000e+002
  3.3500000e+002  2.6500000e+002
  1.3400000e+002  2.1000000e+002
  5.5000000e+001  2.1500000e+002
