  7.1000000e+001  4.5100000e+002
  1.5800000e+002  5.0800000e+002
  2.6200000e+002  5.5600000e+002
  2.9000000e+002  5.7000000e+002
  3.0700000e+002  6.1300000e+002
  3.3300000e+002  6.1400000e+002
  3.6300000e+002  6.2000000e+002
  4.4400000e+002  6.7500000e+002
  5.4800000e+002  6.7500000e+002
  5.4800000e+002  6.4600000e+002
  5.6700000e+002  6.4500000e+002
  5.8300000e+002  6.3400000e+002
  5.8200000e+002  6.1500000e+002
  5.7300000e+002  5.9600000e+002
  6.1200000e+002  5.8100000e+002
  5.6000000e+002  4.6700000e+002
  4.8300000e+002  4.1100000e+002
  4.6300000e+002  3.9000000e+002
  4.4700000e+002  3.6900000e+002
  4.3100000e+002  3.6200000e+002
  4.1200000e+002  3.4800000e+002
  2.1700000e+002  2.4500000e+002
  8.8000000e+001  2.4800000e+002
