  4.8000000e+001  4.4600000e+002
  1.4100000e+002  4.8900000e+002
  2.7000000e+002  5.2400000e+002
  3.0900000e+002  5.3400000e+002
  3.3900000e+002  5.4800000e+002
  3.5700000e+002  5.3800000e+002
  3.8000000e+002  5.3800000e+002
  4.6500000e+002  5.5900000e+002
  5.8700000e+002  5.1600000e+002
  5.7600000e+002  4.8000000e+002
  5.9400000e+002  4.7400000e+002
  6.0400000e+002  4.6100000e+002
  5.9900000e+002  4.4000000e+002
  5.8500000e+002  4.2400000e+002
  6.0600000e+002  4.0000000e+002
  5.2000000e+002  3.1500000e+002
  4.4800000e+002  2.7700000e+002
  4.2100000e+002  2.7300000e+002
  3.9800000e+002  2.5300000e+002
  3.6500000e+002  2.5400000e+002
  3.4000000e+002  2.4300000e+002
  1.6100000e+002  2.2300000e+002
  6.6000000e+001  2.3300000e+002
