  2.7000000e+001  4.5300000e+002
  9.9000000e+001  4.9000000e+002
  2.1100000e+002  5.2800000e+002
  2.4100000e+002  5.3900000e+002
  2.6700000e+002  5.6600000e+002
  2.9200000e+002  5.6400000e+002
  3.1500000e+002  5.6500000e+002
  4.0100000e+002  6.0500000e+002
  5.0900000e+002  5.9400000e+002
  5.2300000e+002  5.5200000e+002
  5.3900000e+002  5.5100000e+002
  5.5300000e+002  5.4300000e+002
  5.5200000e+002  5.2500000e+002
  5.4300000e+002  5.1000000e+002
  5.6400000e+002  4.8600000e+002
  4.9600000e+002  3.8100000e+002
  4.2300000e+002  3.3800000e+002
  4.0400000e+002  3.1900000e+002
  3.8600000e+002  2.9500000e+002
  3.6300000e+002  2.8800000e+002
  3.4300000e+002  2.7200000e+002
  1.7600000e+002  2.1200000e+002
  7.2000000e+001  2.1900000e+002
