  1.1200000e+002  4.3600000e+002
  2.2000000e+002  5.1100000e+002
  3.1500000e+002  5.6600000e+002
  3.6700000e+002  5.9000000e+002
  3.9700000e+002  6.1500000e+002
  4.2000000e+002  6.1300000e+002
  4.4300000e+002  6.1700000e+002
  5.2100000e+002  6.5400000e+002
  6.4400000e+002  6.4700000e+002
  6.4200000e+002  6.1100000e+002
  6.6100000e+002  6.1000000e+002
  6.7300000e+002  6.0300000e+002
  6.7100000e+002  5.8400000e+002
  6.6200000e+002  5.6700000e+002
  6.8800000e+002  5.4500000e+002
  6.2600000e+002  4.3900000e+002
  5.6400000e+002  3.9700000e+002
  5.4100000e+002  3.8200000e+002
  5.2200000e+002  3.5600000e+002
  4.9500000e+002  3.4200000e+002
  4.6000000e+002  3.0900000e+002
  2.8700000e+002  2.4000000e+002
  1.6400000e+002  2.3800000e+002
