  8.7000000e+001  4.5000000e+002
  1.4900000e+002  4.5400000e+002
  3.0900000e+002  4.3500000e+002
  3.3100000e+002  4.2700000e+002
  3.5900000e+002  4.3500000e+002
  3.7700000e+002  4.2200000e+002
  3.9400000e+002  4.1200000e+002
  4.9400000e+002  3.8800000e+002
  5.6000000e+002  3.0000000e+002
  5.4700000e+002  2.8200000e+002
  5.5800000e+002  2.6900000e+002
  5.6700000e+002  2.5100000e+002
  5.5100000e+002  2.3600000e+002
  5.3300000e+002  2.2700000e+002
  5.4100000e+002  1.9700000e+002
  4.5500000e+002  1.5800000e+002
  3.7900000e+002  1.5100000e+002
  3.5500000e+002  1.5100000e+002
  3.2900000e+002  1.3900000e+002
  3.0800000e+002  1.4500000e+002
  2.8300000e+002  1.4500000e+002
  9.5000000e+001  1.9200000e+002
  3.6000000e+001  2.2700000e+002
