  1.1400000e+002  4.7900000e+002
  1.8100000e+002  4.8800000e+002
  3.8300000e+002  4.5200000e+002
  3.9700000e+002  4.4900000e+002
  4.2900000e+002  4.5300000e+002
  4.4300000e+002  4.4100000e+002
  4.5800000e+002  4.3500000e+002
  5.4400000e+002  4.1900000e+002
  6.2300000e+002  3.2900000e+002
  6.1300000e+002  3.0200000e+002
  6.2200000e+002  2.8900000e+002
  6.2900000e+002  2.7500000e+002
  6.1700000e+002  2.6000000e+002
  6.0400000e+002  2.5400000e+002
  6.1000000e+002  2.2900000e+002
  5.4200000e+002  1.8100000e+002
  4.4300000e+002  1.8200000e+002
  4.2100000e+002  1.8100000e+002
  3.9000000e+002  1.6600000e+002
  3.7100000e+002  1.7000000e+002
  3.4800000e+002  1.7100000e+002
  1.3500000e+002  2.2800000e+002
  5.7000000e+001  2.7500000e+002
