  8.4000000e+001  4.2400000e+002
  1.6100000e+002  4.7000000e+002
  3.2900000e+002  5.4400000e+002
  3.4900000e+002  5.5100000e+002
  3.7200000e+002  5.6300000e+002
  3.9500000e+002  5.5700000e+002
  4.1600000e+002  5.6000000e+002
  4.9400000e+002  5.9200000e+002
  5.9100000e+002  5.6800000e+002
  5.8000000e+002  5.4500000e+002
  6.1100000e+002  5.4000000e+002
  6.2900000e+002  5.3300000e+002
  6.2900000e+002  5.1000000e+002
  6.1100000e+002  4.9200000e+002
  6.3000000e+002  4.7500000e+002
  5.9900000e+002  3.9900000e+002
  5.2100000e+002  3.3000000e+002
  5.0200000e+002  3.1500000e+002
  4.9300000e+002  2.9200000e+002
  4.7700000e+002  2.8500000e+002
  4.6500000e+002  2.7100000e+002
  2.0900000e+002  1.8900000e+002
  1.0600000e+002  2.0800000e+002
