  2.3000000e+001  4.3400000e+002
  6.7000000e+001  4.5900000e+002
  1.6000000e+002  5.0400000e+002
  2.0000000e+002  5.1200000e+002
  2.1600000e+002  5.2100000e+002
  2.3400000e+002  5.2400000e+002
  2.5500000e+002  5.2600000e+002
  3.2300000e+002  5.6300000e+002
  4.2000000e+002  5.5400000e+002
  4.2600000e+002  5.2900000e+002
  4.4300000e+002  5.2800000e+002
  4.5100000e+002  5.2100000e+002
  4.5300000e+002  5.0900000e+002
  4.4600000e+002  4.9500000e+002
  4.5800000e+002  4.8200000e+002
  4.4100000e+002  3.9500000e+002
  3.6400000e+002  3.2300000e+002
  3.4100000e+002  3.1300000e+002
  3.2500000e+002  3.0100000e+002
  3.0700000e+002  2.8700000e+002
  2.8400000e+002  2.5900000e+002
  1.0600000e+002  2.1200000e+002
  3.9000000e+001  2.2700000e+002
