  2.2000000e+001  4.1400000e+002
  8.8000000e+001  4.5500000e+002
  1.9300000e+002  4.9700000e+002
  2.1500000e+002  5.1200000e+002
  2.4000000e+002  5.3100000e+002
  2.6500000e+002  5.3500000e+002
  2.9400000e+002  5.4100000e+002
  3.5100000e+002  5.7100000e+002
  4.6400000e+002  5.5800000e+002
  4.6500000e+002  5.4400000e+002
  4.7800000e+002  5.3300000e+002
  4.8500000e+002  5.2100000e+002
  4.8400000e+002  5.0600000e+002
  4.8400000e+002  4.9300000e+002
  5.0100000e+002  4.7800000e+002
  4.6800000e+002  3.9400000e+002
  3.9400000e+002  3.2300000e+002
  3.6900000e+002  3.0900000e+002
  3.3900000e+002  2.9400000e+002
  3.1700000e+002  3.0000000e+002
  2.9700000e+002  2.9800000e+002
  1.3600000e+002  2.2400000e+002
  2.2000000e+001  2.2900000e+002
