  2.1000000e+001  4.1100000e+002
  9.8000000e+001  4.5700000e+002
  1.9400000e+002  4.9900000e+002
  2.1700000e+002  5.2200000e+002
  2.3400000e+002  5.4300000e+002
  2.6500000e+002  5.4500000e+002
  2.9100000e+002  5.5600000e+002
  3.4400000e+002  5.8800000e+002
  4.4800000e+002  5.9800000e+002
  4.5500000e+002  5.7500000e+002
  4.6900000e+002  5.6700000e+002
  4.7600000e+002  5.5800000e+002
  4.7900000e+002  5.4600000e+002
  4.7700000e+002  5.3000000e+002
  4.9900000e+002  5.1200000e+002
  4.6500000e+002  4.1500000e+002
  3.8700000e+002  3.7100000e+002
  3.7300000e+002  3.5100000e+002
  3.5900000e+002  3.3100000e+002
  3.4200000e+002  3.3400000e+002
  3.2000000e+002  3.1800000e+002
  1.4600000e+002  2.2100000e+002
  4.1000000e+001  2.2800000e+002
