  5.5000000e+001  4.5800000e+002
  1.1400000e+002  4.9100000e+002
  2.2200000e+002  5.2100000e+002
  2.6700000e+002  5.3600000e+002
  2.8600000e+002  5.4900000e+002
  3.1100000e+002  5.4900000e+002
  3.3300000e+002  5.5500000e+002
  3.9300000e+002  5.8200000e+002
  5.0500000e+002  5.5700000e+002
  5.0400000e+002  5.3200000e+002
  5.2400000e+002  5.3100000e+002
  5.4100000e+002  5.1800000e+002
  5.3900000e+002  5.0000000e+002
  5.2700000e+002  4.9000000e+002
  5.3600000e+002  4.8000000e+002
  4.9300000e+002  3.9500000e+002
  4.1600000e+002  3.4900000e+002
  3.9200000e+002  3.3200000e+002
  3.7700000e+002  3.2500000e+002
  3.5500000e+002  3.1500000e+002
  3.3700000e+002  3.0100000e+002
  1.2500000e+002  2.4900000e+002
  4.8000000e+001  2.6100000e+002
