  1.0300000e+002  4.6100000e+002
  1.8400000e+002  4.6900000e+002
  3.2300000e+002  4.5900000e+002
  3.4300000e+002  4.5800000e+002
  3.6500000e+002  4.5500000e+002
  3.9000000e+002  4.5400000e+002
  4.1000000e+002  4.5100000e+002
  5.0800000e+002  4.2900000e+002
  5.7000000e+002  3.6000000e+002
  5.6000000e+002  3.4100000e+002
  5.7100000e+002  3.3500000e+002
  5.7400000e+002  3.1600000e+002
  5.7000000e+002  3.0200000e+002
  5.5600000e+002  2.9900000e+002
  5.7100000e+002  2.7400000e+002
  4.6300000e+002  1.9600000e+002
  4.0100000e+002  1.8400000e+002
  3.7500000e+002  1.8000000e+002
  3.4000000e+002  1.7300000e+002
  3.1600000e+002  1.7300000e+002
  2.9200000e+002  1.7400000e+002
  1.4600000e+002  1.8900000e+002
  6.1000000e+001  2.3400000e+002
