  1.1400000e+002  4.7500000e+002
  1.8000000e+002  5.2100000e+002
  3.4800000e+002  5.6800000e+002
  3.7200000e+002  5.7000000e+002
  3.9300000e+002  5.7300000e+002
  4.1200000e+002  5.7600000e+002
  4.3100000e+002  5.8000000e+002
  5.2200000e+002  5.8700000e+002
  6.0700000e+002  5.3800000e+002
  6.0700000e+002  5.1400000e+002
  6.2000000e+002  5.1100000e+002
  6.3300000e+002  4.9600000e+002
  6.3000000e+002  4.7600000e+002
  6.1800000e+002  4.6900000e+002
  6.2500000e+002  4.4400000e+002
  5.6400000e+002  3.6300000e+002
  4.9100000e+002  3.2700000e+002
  4.7400000e+002  3.2400000e+002
  4.5800000e+002  3.1400000e+002
  4.4100000e+002  3.0700000e+002
  4.2600000e+002  2.9800000e+002
  2.6000000e+002  2.3800000e+002
  1.7100000e+002  2.4300000e+002
