  1.1700000e+002  4.6500000e+002
  2.0600000e+002  4.7700000e+002
  3.5600000e+002  4.6400000e+002
  3.8000000e+002  4.5600000e+002
  4.0900000e+002  4.5600000e+002
  4.3800000e+002  4.5800000e+002
  4.5700000e+002  4.5600000e+002
  5.4200000e+002  4.3000000e+002
  6.1300000e+002  3.5000000e+002
  6.0400000e+002  3.2400000e+002
  6.1100000e+002  3.1400000e+002
  6.1300000e+002  3.0200000e+002
  6.0300000e+002  2.9100000e+002
  5.9000000e+002  2.8500000e+002
  6.0100000e+002  2.5600000e+002
  5.2700000e+002  2.0200000e+002
  4.2400000e+002  1.8800000e+002
  3.9600000e+002  1.8300000e+002
  3.6100000e+002  1.6900000e+002
  3.4500000e+002  1.7900000e+002
  3.2200000e+002  1.7900000e+002
  1.6700000e+002  1.9100000e+002
  7.6000000e+001  2.4900000e+002
