  3.0000000e+001  4.5300000e+002
  1.3100000e+002  5.0600000e+002
  2.1800000e+002  5.4900000e+002
  2.4200000e+002  5.6400000e+002
  2.7800000e+002  5.8800000e+002
  3.0700000e+002  5.9800000e+002
  3.3000000e+002  6.1000000e+002
  4.0100000e+002  6.4200000e+002
  4.8600000e+002  6.3200000e+002
  4.9500000e+002  6.0800000e+002
  5.2200000e+002  6.0600000e+002
  5.3200000e+002  5.9400000e+002
  5.3000000e+002  5.7900000e+002
  5.2000000e+002  5.6500000e+002
  5.3500000e+002  5.4700000e+002
  5.1200000e+002  4.6300000e+002
  4.5100000e+002  3.9900000e+002
  4.2200000e+002  3.7800000e+002
  3.9600000e+002  3.5400000e+002
  3.7800000e+002  3.3900000e+002
  3.6000000e+002  3.1500000e+002
  2.0400000e+002  2.3600000e+002
  1.1300000e+002  2.3100000e+002
