  6.2000000e+001  4.5400000e+002
  1.4400000e+002  4.6300000e+002
  2.8900000e+002  4.6400000e+002
  3.0500000e+002  4.6200000e+002
  3.2800000e+002  4.6100000e+002
  3.4500000e+002  4.5500000e+002
  3.6100000e+002  4.5300000e+002
  4.7100000e+002  4.4200000e+002
  5.4600000e+002  3.7100000e+002
  5.3700000e+002  3.5300000e+002
  5.4900000e+002  3.3900000e+002
  5.5000000e+002  3.2400000e+002
  5.4300000e+002  3.1100000e+002
  5.2900000e+002  3.0700000e+002
  5.4000000e+002  2.8100000e+002
  4.5800000e+002  2.1400000e+002
  3.8900000e+002  1.9700000e+002
  3.6400000e+002  1.9100000e+002
  3.4000000e+002  1.7700000e+002
  3.1700000e+002  1.7900000e+002
  2.9700000e+002  1.8200000e+002
  1.0300000e+002  1.9500000e+002
  3.8000000e+001  2.4800000e+002
