  2.4000000e+001  4.5000000e+002
  6.8000000e+001  4.7200000e+002
  1.3600000e+002  4.9400000e+002
  1.6500000e+002  5.0800000e+002
  1.9700000e+002  5.2600000e+002
  2.2200000e+002  5.3200000e+002
  2.4300000e+002  5.3700000e+002
  3.3000000e+002  5.6100000e+002
  4.2000000e+002  5.3500000e+002
  4.2200000e+002  5.1600000e+002
  4.3900000e+002  5.1300000e+002
  4.5800000e+002  4.9400000e+002
  4.5700000e+002  4.7400000e+002
  4.3700000e+002  4.6700000e+002
  4.5100000e+002  4.5100000e+002
  3.9900000e+002  3.5200000e+002
  3.3700000e+002  3.0400000e+002
  3.1000000e+002  3.0500000e+002
  2.8300000e+002  2.9000000e+002
  2.6000000e+002  2.7800000e+002
  2.4600000e+002  2.6000000e+002
  8.2000000e+001  2.2300000e+002
  1.6000000e+001  2.3100000e+002
