  3.3000000e+001  4.2400000e+002
  1.0700000e+002  4.6400000e+002
  1.9100000e+002  4.9900000e+002
  2.3200000e+002  5.1600000e+002
  2.7000000e+002  5.5700000e+002
  3.0600000e+002  5.5800000e+002
  3.3100000e+002  5.7300000e+002
  3.8900000e+002  6.0000000e+002
  4.8900000e+002  5.8300000e+002
  4.8600000e+002  5.5900000e+002
  5.0500000e+002  5.5300000e+002
  5.1600000e+002  5.4100000e+002
  5.1500000e+002  5.2600000e+002
  5.0700000e+002  5.1700000e+002
  5.2000000e+002  5.0200000e+002
  4.7300000e+002  4.0300000e+002
  4.1900000e+002  3.5500000e+002
  3.9500000e+002  3.4000000e+002
  3.7800000e+002  3.2600000e+002
  3.6000000e+002  3.1500000e+002
  3.3700000e+002  2.9500000e+002
  1.5500000e+002  2.3000000e+002
  4.3000000e+001  2.4100000e+002
