  3.7000000e+001  4.1600000e+002
  1.0400000e+002  4.4300000e+002
  2.1000000e+002  4.9000000e+002
  2.3000000e+002  5.2000000e+002
  2.6600000e+002  5.4000000e+002
  2.8500000e+002  5.3900000e+002
  3.1700000e+002  5.5200000e+002
  3.8100000e+002  5.7700000e+002
  4.7700000e+002  5.5700000e+002
  4.8100000e+002  5.2800000e+002
  4.9800000e+002  5.2400000e+002
  5.0800000e+002  5.1100000e+002
  5.0800000e+002  4.9400000e+002
  4.9800000e+002  4.8700000e+002
  5.1500000e+002  4.6600000e+002
  4.7400000e+002  3.9200000e+002
  4.2600000e+002  3.4900000e+002
  3.7700000e+002  3.2400000e+002
  3.5200000e+002  3.0100000e+002
  3.3200000e+002  2.9700000e+002
  3.0800000e+002  2.7900000e+002
  1.2800000e+002  2.2400000e+002
  4.9000000e+001  2.3200000e+002
