  2.7000000e+001  4.3600000e+002
  9.7000000e+001  4.6500000e+002
  1.8600000e+002  4.9600000e+002
  2.1500000e+002  5.1900000e+002
  2.2900000e+002  5.4300000e+002
  2.5000000e+002  5.4100000e+002
  2.8000000e+002  5.4800000e+002
  3.6000000e+002  5.7100000e+002
  4.5000000e+002  5.4900000e+002
  4.5700000e+002  5.2000000e+002
  4.7300000e+002  5.1300000e+002
  4.8200000e+002  4.9800000e+002
  4.8100000e+002  4.8300000e+002
  4.7100000e+002  4.7500000e+002
  4.8600000e+002  4.5600000e+002
  4.4700000e+002  3.8100000e+002
  4.0300000e+002  3.4300000e+002
  3.5900000e+002  3.2100000e+002
  3.2600000e+002  3.0300000e+002
  3.0400000e+002  2.9900000e+002
  2.7900000e+002  2.8400000e+002
  1.4100000e+002  2.3700000e+002
  4.1000000e+001  2.4300000e+002
