  2.8000000e+001  4.1200000e+002
  9.0000000e+001  4.4400000e+002
  2.0200000e+002  4.9300000e+002
  2.1500000e+002  5.1200000e+002
  2.2800000e+002  5.2500000e+002
  2.5200000e+002  5.3300000e+002
  2.7500000e+002  5.3700000e+002
  3.8100000e+002  5.8100000e+002
  4.5300000e+002  5.6500000e+002
  4.5700000e+002  5.4100000e+002
  4.7500000e+002  5.3900000e+002
  4.9300000e+002  5.3000000e+002
  4.9400000e+002  5.1300000e+002
  4.8000000e+002  4.9400000e+002
  4.9200000e+002  4.7800000e+002
  4.5400000e+002  3.8700000e+002
  3.8100000e+002  3.3700000e+002
  3.5800000e+002  3.2000000e+002
  3.4400000e+002  2.9900000e+002
  3.2600000e+002  2.9400000e+002
  3.0900000e+002  2.8100000e+002
  1.1100000e+002  2.1100000e+002
  2.6000000e+001  2.2200000e+002
