  1.1900000e+002  4.6800000e+002
  1.8700000e+002  4.7500000e+002
  3.5100000e+002  4.2900000e+002
  3.7800000e+002  4.2200000e+002
  4.1300000e+002  4.2100000e+002
  4.2600000e+002  4.0700000e+002
  4.4700000e+002  4.0600000e+002
  5.3400000e+002  3.7600000e+002
  6.0600000e+002  2.8600000e+002
  5.8500000e+002  2.6900000e+002
  6.0000000e+002  2.5500000e+002
  6.0900000e+002  2.3300000e+002
  5.9600000e+002  2.1700000e+002
  5.7900000e+002  2.1100000e+002
  5.9000000e+002  1.9000000e+002
  4.7900000e+002  1.6300000e+002
  4.1700000e+002  1.6200000e+002
  3.9700000e+002  1.6200000e+002
  3.7400000e+002  1.5700000e+002
  3.5300000e+002  1.6500000e+002
  3.0400000e+002  1.8700000e+002
  1.2000000e+002  2.5300000e+002
  5.9000000e+001  3.0400000e+002
