  1.5200000e+002  4.1900000e+002
  2.2900000e+002  4.4500000e+002
  4.0500000e+002  4.2300000e+002
  4.2800000e+002  4.2500000e+002
  4.5200000e+002  4.2400000e+002
  4.6500000e+002  4.1200000e+002
  4.8300000e+002  4.0700000e+002
  5.7600000e+002  4.0400000e+002
  6.6100000e+002  3.3200000e+002
  6.4700000e+002  3.0700000e+002
  6.6000000e+002  2.9800000e+002
  6.6500000e+002  2.8100000e+002
  6.6500000e+002  2.6500000e+002
  6.5400000e+002  2.5700000e+002
  6.5500000e+002  2.3500000e+002
  5.7500000e+002  1.8500000e+002
  4.9300000e+002  1.7200000e+002
  4.7000000e+002  1.6800000e+002
  4.4800000e+002  1.5800000e+002
  4.2300000e+002  1.6000000e+002
  3.9200000e+002  1.6200000e+002
  1.9900000e+002  1.9200000e+002
  1.3100000e+002  2.3800000e+002
