  1.1400000e+002  4.7100000e+002
  1.9700000e+002  4.7200000e+002
  3.3200000e+002  4.2900000e+002
  3.5500000e+002  4.2600000e+002
  3.8300000e+002  4.2900000e+002
  4.0700000e+002  4.2300000e+002
  4.3200000e+002  4.1600000e+002
  5.1800000e+002  3.8500000e+002
  5.8500000e+002  3.0900000e+002
  5.6600000e+002  2.8000000e+002
  5.8000000e+002  2.6700000e+002
  5.8900000e+002  2.4700000e+002
  5.7900000e+002  2.3600000e+002
  5.6700000e+002  2.3100000e+002
  5.7300000e+002  2.1200000e+002
  4.6900000e+002  1.7000000e+002
  4.0300000e+002  1.7000000e+002
  3.7900000e+002  1.6800000e+002
  3.5300000e+002  1.6400000e+002
  3.1300000e+002  1.7200000e+002
  2.7500000e+002  1.8800000e+002
  1.1400000e+002  2.4600000e+002
  7.8000000e+001  2.8300000e+002
