  6.4000000e+001  4.2200000e+002
  1.4700000e+002  4.7700000e+002
  2.8500000e+002  5.2400000e+002
  3.2900000e+002  5.3900000e+002
  3.4900000e+002  5.4700000e+002
  3.6500000e+002  5.3800000e+002
  4.1100000e+002  5.4200000e+002
  4.6900000e+002  5.6900000e+002
  5.7800000e+002  5.3800000e+002
  5.6900000e+002  5.1100000e+002
  5.8400000e+002  5.0600000e+002
  5.9800000e+002  4.9400000e+002
  6.0000000e+002  4.7600000e+002
  5.8700000e+002  4.7200000e+002
  6.0500000e+002  4.5700000e+002
  5.3900000e+002  3.6300000e+002
  4.7200000e+002  3.2000000e+002
  4.4600000e+002  3.1400000e+002
  4.2900000e+002  2.9100000e+002
  4.1400000e+002  2.8600000e+002
  3.8300000e+002  2.6500000e+002
  1.7800000e+002  2.2400000e+002
  9.3000000e+001  2.4400000e+002
