  8.7000000e+001  4.2200000e+002
  1.8500000e+002  4.4300000e+002
  3.3500000e+002  4.3100000e+002
  3.5800000e+002  4.2800000e+002
  3.8000000e+002  4.3100000e+002
  3.9400000e+002  4.2400000e+002
  4.1200000e+002  4.1300000e+002
  5.2500000e+002  4.0800000e+002
  6.1100000e+002  3.4600000e+002
  5.8900000e+002  3.1800000e+002
  6.0600000e+002  3.1000000e+002
  6.1400000e+002  2.9300000e+002
  6.0500000e+002  2.7600000e+002
  5.9100000e+002  2.6700000e+002
  6.0000000e+002  2.4400000e+002
  5.1600000e+002  1.9100000e+002
  4.4300000e+002  1.7700000e+002
  4.1600000e+002  1.6800000e+002
  3.9700000e+002  1.5600000e+002
  3.7500000e+002  1.6200000e+002
  3.4700000e+002  1.5800000e+002
  1.5800000e+002  1.8500000e+002
  7.5000000e+001  2.3600000e+002
