  4.6000000e+001  4.1400000e+002
  1.1000000e+002  4.3600000e+002
  2.5200000e+002  4.5600000e+002
  2.7800000e+002  4.5100000e+002
  3.1600000e+002  4.6300000e+002
  3.4100000e+002  4.5300000e+002
  3.7200000e+002  4.4100000e+002
  4.5400000e+002  4.5100000e+002
  5.3900000e+002  3.8500000e+002
  5.0800000e+002  3.6400000e+002
  5.3600000e+002  3.5600000e+002
  5.6500000e+002  3.4100000e+002
  5.3800000e+002  3.2000000e+002
  5.1000000e+002  3.0800000e+002
  5.4000000e+002  2.7500000e+002
  4.4100000e+002  2.2200000e+002
  4.0200000e+002  2.2800000e+002
  3.5900000e+002  2.1400000e+002
  3.3300000e+002  1.9300000e+002
  3.1000000e+002  2.1100000e+002
  2.8700000e+002  2.1600000e+002
  9.1000000e+001  2.0200000e+002
  3.0000000e+001  2.2700000e+002
