  3.7000000e+001  4.3900000e+002
  1.3100000e+002  4.8800000e+002
  2.4900000e+002  5.1400000e+002
  2.8000000e+002  5.1500000e+002
  3.0500000e+002  5.1900000e+002
  3.2300000e+002  5.1400000e+002
  3.4600000e+002  5.1400000e+002
  4.1400000e+002  5.3100000e+002
  5.1700000e+002  5.1000000e+002
  5.1500000e+002  4.7800000e+002
  5.3400000e+002  4.7000000e+002
  5.4700000e+002  4.6100000e+002
  5.4200000e+002  4.4400000e+002
  5.3100000e+002  4.3200000e+002
  5.5300000e+002  4.1700000e+002
  5.1700000e+002  3.5900000e+002
  4.4800000e+002  3.1700000e+002
  4.1000000e+002  3.0000000e+002
  3.8900000e+002  2.8200000e+002
  3.6800000e+002  2.7100000e+002
  3.5000000e+002  2.5700000e+002
  1.4600000e+002  2.2900000e+002
  5.2000000e+001  2.5500000e+002
