  1.7600000e+002  4.0900000e+002
  2.7700000e+002  4.1400000e+002
  3.8500000e+002  4.1400000e+002
  4.1900000e+002  4.2300000e+002
  4.5500000e+002  4.3000000e+002
  4.7600000e+002  4.2200000e+002
  5.0300000e+002  4.1800000e+002
  5.5000000e+002  4.2000000e+002
  6.7000000e+002  3.6100000e+002
  6.6600000e+002  3.4800000e+002
  6.8000000e+002  3.4400000e+002
  6.8900000e+002  3.2500000e+002
  6.8000000e+002  3.0700000e+002
  6.6500000e+002  3.0300000e+002
  6.8000000e+002  2.6800000e+002
  5.7500000e+002  1.9400000e+002
  5.2800000e+002  1.8000000e+002
  5.0800000e+002  1.7200000e+002
  4.8600000e+002  1.5200000e+002
  4.5600000e+002  1.6600000e+002
  4.3300000e+002  1.7200000e+002
  2.5500000e+002  1.5700000e+002
  1.6300000e+002  1.9100000e+002
