  2.8000000e+001  4.4900000e+002
  1.1200000e+002  4.7100000e+002
  2.4100000e+002  4.8600000e+002
  2.8200000e+002  4.9100000e+002
  3.0900000e+002  4.9500000e+002
  3.3000000e+002  4.8200000e+002
  3.6000000e+002  4.7500000e+002
  4.3500000e+002  4.6400000e+002
  5.2300000e+002  4.0600000e+002
  5.2200000e+002  3.9100000e+002
  5.3900000e+002  3.8100000e+002
  5.4700000e+002  3.6600000e+002
  5.3600000e+002  3.5000000e+002
  5.2000000e+002  3.4600000e+002
  5.2100000e+002  3.1400000e+002
  4.3300000e+002  2.4500000e+002
  3.7000000e+002  2.3900000e+002
  3.4100000e+002  2.3500000e+002
  3.0600000e+002  2.2100000e+002
  2.8800000e+002  2.2700000e+002
  2.5300000e+002  2.1500000e+002
  1.0300000e+002  2.1400000e+002
  4.2000000e+001  2.3200000e+002
