  1.5600000e+002  4.6400000e+002
  2.4200000e+002  4.9600000e+002
  3.8900000e+002  4.9800000e+002
  4.4200000e+002  4.9600000e+002
  4.6900000e+002  4.9800000e+002
  4.9900000e+002  4.7500000e+002
  5.1800000e+002  4.6800000e+002
  5.8000000e+002  4.4500000e+002
  6.6200000e+002  3.8000000e+002
  6.5300000e+002  3.5800000e+002
  6.6700000e+002  3.5000000e+002
  6.6700000e+002  3.3500000e+002
  6.5600000e+002  3.1600000e+002
  6.4100000e+002  3.0400000e+002
  6.4500000e+002  2.7700000e+002
  5.6000000e+002  2.4000000e+002
  4.9900000e+002  2.3100000e+002
  4.6600000e+002  2.2900000e+002
  4.4300000e+002  2.3200000e+002
  4.1500000e+002  2.2900000e+002
  3.8600000e+002  2.3000000e+002
  2.4900000e+002  2.3000000e+002
  1.3800000e+002  2.5600000e+002
