  1.6600000e+002  4.0700000e+002
  2.5000000e+002  4.3200000e+002
  3.6500000e+002  4.3600000e+002
  3.9700000e+002  4.4100000e+002
  4.2900000e+002  4.4500000e+002
  4.5600000e+002  4.3600000e+002
  4.8800000e+002  4.3200000e+002
  5.4400000e+002  4.3100000e+002
  6.5100000e+002  3.7100000e+002
  6.4900000e+002  3.5200000e+002
  6.6300000e+002  3.4500000e+002
  6.7000000e+002  3.3200000e+002
  6.6500000e+002  3.1400000e+002
  6.4900000e+002  3.0700000e+002
  6.5600000e+002  2.7100000e+002
  5.5000000e+002  2.0400000e+002
  5.0600000e+002  1.9400000e+002
  4.7600000e+002  1.8600000e+002
  4.5400000e+002  1.6900000e+002
  4.3200000e+002  1.8400000e+002
  4.1200000e+002  1.9600000e+002
  2.3500000e+002  1.7600000e+002
  1.4300000e+002  1.9800000e+002
