  1.0400000e+002  4.6300000e+002
  1.7400000e+002  4.7200000e+002
  3.7400000e+002  4.3400000e+002
  3.9100000e+002  4.2100000e+002
  4.2000000e+002  4.2400000e+002
  4.3000000e+002  4.1300000e+002
  4.5000000e+002  4.0600000e+002
  5.3200000e+002  3.8000000e+002
  6.0700000e+002  2.9800000e+002
  6.0800000e+002  2.7800000e+002
  6.1500000e+002  2.6200000e+002
  6.1200000e+002  2.4900000e+002
  6.0100000e+002  2.3800000e+002
  5.8900000e+002  2.3000000e+002
  5.9400000e+002  2.0500000e+002
  4.8800000e+002  1.6200000e+002
  4.2100000e+002  1.6800000e+002
  4.0600000e+002  1.7300000e+002
  3.7400000e+002  1.6500000e+002
  3.5800000e+002  1.7200000e+002
  3.3100000e+002  1.7300000e+002
  1.3500000e+002  2.3300000e+002
  7.0000000e+001  2.7400000e+002
