  6.6000000e+001  4.6700000e+002
  1.9000000e+002  4.7400000e+002
  2.8200000e+002  4.4400000e+002
  3.1100000e+002  4.3500000e+002
  3.4300000e+002  4.5200000e+002
  3.6700000e+002  4.5000000e+002
  3.8900000e+002  4.4500000e+002
  4.7500000e+002  4.1100000e+002
  5.3900000e+002  3.2400000e+002
  5.2400000e+002  3.0500000e+002
  5.3600000e+002  2.9500000e+002
  5.4300000e+002  2.7800000e+002
  5.3100000e+002  2.6300000e+002
  5.1800000e+002  2.6100000e+002
  5.3300000e+002  2.4100000e+002
  4.2300000e+002  1.8400000e+002
  3.6500000e+002  1.9300000e+002
  3.3500000e+002  1.9200000e+002
  3.0900000e+002  1.8700000e+002
  2.7300000e+002  2.0200000e+002
  2.4000000e+002  2.0900000e+002
  1.0400000e+002  2.4200000e+002
  3.8000000e+001  2.6900000e+002
