  8.0000000e+001  4.5600000e+002
  1.5800000e+002  4.8400000e+002
  3.1500000e+002  4.9900000e+002
  3.3400000e+002  5.0700000e+002
  3.5600000e+002  5.1600000e+002
  3.7800000e+002  5.1200000e+002
  4.0100000e+002  5.1300000e+002
  4.8100000e+002  5.2100000e+002
  5.8000000e+002  4.7200000e+002
  5.7800000e+002  4.4800000e+002
  5.9700000e+002  4.3700000e+002
  6.0600000e+002  4.2200000e+002
  5.9800000e+002  4.0200000e+002
  5.8400000e+002  3.9200000e+002
  5.9400000e+002  3.7100000e+002
  5.3200000e+002  3.0300000e+002
  4.4700000e+002  2.6400000e+002
  4.2000000e+002  2.5600000e+002
  3.9600000e+002  2.5400000e+002
  3.7700000e+002  2.5900000e+002
  3.5900000e+002  2.5900000e+002
  1.7500000e+002  2.3300000e+002
  1.0700000e+002  2.4700000e+002
