  5.0000000e+001  4.6800000e+002
  1.4500000e+002  4.8400000e+002
  3.0800000e+002  4.6700000e+002
  3.3700000e+002  4.7100000e+002
  3.6900000e+002  4.8600000e+002
  3.9900000e+002  4.8800000e+002
  4.2000000e+002  4.7600000e+002
  5.0400000e+002  4.6700000e+002
  5.7600000e+002  3.9200000e+002
  5.6600000e+002  3.7000000e+002
  5.8300000e+002  3.6200000e+002
  5.9100000e+002  3.4400000e+002
  5.8200000e+002  3.2900000e+002
  5.6800000e+002  3.1900000e+002
  5.8100000e+002  2.9800000e+002
  4.9200000e+002  2.3300000e+002
  4.1500000e+002  2.2400000e+002
  3.9100000e+002  2.2100000e+002
  3.6600000e+002  2.1500000e+002
  3.4800000e+002  2.1700000e+002
  3.2500000e+002  2.1700000e+002
  9.9000000e+001  2.4700000e+002
  3.1000000e+001  2.7700000e+002
