  9.7000000e+001  4.3800000e+002
  1.6900000e+002  4.6600000e+002
  3.4900000e+002  4.9600000e+002
  3.7700000e+002  5.0100000e+002
  3.9700000e+002  5.1200000e+002
  4.1800000e+002  5.0600000e+002
  4.4300000e+002  5.1000000e+002
  5.2000000e+002  5.2700000e+002
  6.1900000e+002  4.7000000e+002
  6.1100000e+002  4.4000000e+002
  6.2600000e+002  4.3700000e+002
  6.3800000e+002  4.2300000e+002
  6.3300000e+002  4.0700000e+002
  6.2000000e+002  3.9700000e+002
  6.3100000e+002  3.7400000e+002
  5.7000000e+002  3.1300000e+002
  4.8900000e+002  2.7900000e+002
  4.6500000e+002  2.7000000e+002
  4.3700000e+002  2.5600000e+002
  4.1600000e+002  2.6300000e+002
  4.0100000e+002  2.7000000e+002
  2.0400000e+002  2.3000000e+002
  1.3400000e+002  2.4000000e+002
