  5.5000000e+001  4.6500000e+002
  1.4200000e+002  5.0100000e+002
  2.5800000e+002  5.1700000e+002
  2.9000000e+002  5.3600000e+002
  3.1700000e+002  5.6500000e+002
  3.4300000e+002  5.6300000e+002
  3.7100000e+002  5.6600000e+002
  4.3400000e+002  5.8100000e+002
  5.3600000e+002  5.6500000e+002
  5.3500000e+002  5.3100000e+002
  5.4800000e+002  5.2200000e+002
  5.6600000e+002  5.0600000e+002
  5.5500000e+002  4.8500000e+002
  5.4600000e+002  4.7700000e+002
  5.7500000e+002  4.5700000e+002
  4.9400000e+002  3.5500000e+002
  4.5000000e+002  3.4500000e+002
  4.2400000e+002  3.3200000e+002
  3.9300000e+002  3.1100000e+002
  3.3800000e+002  3.0700000e+002
  2.9700000e+002  2.8700000e+002
  1.7500000e+002  2.6400000e+002
  6.4000000e+001  2.5400000e+002
