  4.7000000e+001  4.5400000e+002
  1.0900000e+002  4.5900000e+002
  2.4500000e+002  4.5600000e+002
  2.6600000e+002  4.6000000e+002
  2.9600000e+002  4.8100000e+002
  3.1600000e+002  4.7800000e+002
  3.3500000e+002  4.7500000e+002
  4.2900000e+002  4.8000000e+002
  5.2200000e+002  4.2200000e+002
  5.0900000e+002  3.8900000e+002
  5.2700000e+002  3.8500000e+002
  5.3700000e+002  3.6800000e+002
  5.2900000e+002  3.5600000e+002
  5.1700000e+002  3.4400000e+002
  5.3300000e+002  3.1900000e+002
  4.5200000e+002  2.5000000e+002
  3.7000000e+002  2.2900000e+002
  3.4400000e+002  2.2400000e+002
  3.2000000e+002  2.1600000e+002
  3.0500000e+002  2.1900000e+002
  2.8100000e+002  2.1800000e+002
  6.5000000e+001  2.3400000e+002
  1.8000000e+001  2.5200000e+002
