  9.5000000e+001  4.3600000e+002
  1.6100000e+002  4.4400000e+002
  3.8600000e+002  4.5000000e+002
  4.0700000e+002  4.5300000e+002
  4.2300000e+002  4.5800000e+002
  4.4200000e+002  4.4700000e+002
  4.6200000e+002  4.4700000e+002
  5.4400000e+002  4.3600000e+002
  6.3300000e+002  3.7200000e+002
  6.3100000e+002  3.5300000e+002
  6.4000000e+002  3.4500000e+002
  6.4300000e+002  3.3200000e+002
  6.3900000e+002  3.1800000e+002
  6.2600000e+002  3.0500000e+002
  6.3200000e+002  2.7500000e+002
  5.6300000e+002  2.2100000e+002
  4.7400000e+002  2.0100000e+002
  4.5400000e+002  2.0200000e+002
  4.3100000e+002  1.9200000e+002
  4.0800000e+002  1.9900000e+002
  3.8700000e+002  1.9900000e+002
  1.6100000e+002  2.2300000e+002
  1.0700000e+002  2.4000000e+002
