  9.2000000e+001  4.8100000e+002
  1.8100000e+002  4.8500000e+002
  3.1500000e+002  4.4100000e+002
  3.5000000e+002  4.4100000e+002
  3.7800000e+002  4.5500000e+002
  3.9500000e+002  4.4500000e+002
  4.1500000e+002  4.3900000e+002
  4.9200000e+002  4.1700000e+002
  5.7000000e+002  3.3700000e+002
  5.3500000e+002  3.1600000e+002
  5.5900000e+002  3.0700000e+002
  5.7500000e+002  2.8900000e+002
  5.6200000e+002  2.7000000e+002
  5.3700000e+002  2.6800000e+002
  5.6600000e+002  2.4400000e+002
  4.5000000e+002  1.9100000e+002
  3.9300000e+002  2.0000000e+002
  3.6400000e+002  2.0200000e+002
  3.4000000e+002  1.9700000e+002
  3.1600000e+002  2.0700000e+002
  2.9100000e+002  2.1300000e+002
  1.3500000e+002  2.5100000e+002
  5.9000000e+001  2.8500000e+002
