  6.4000000e+001  4.6700000e+002
  1.4000000e+002  5.0100000e+002
  2.6200000e+002  5.3500000e+002
  2.9300000e+002  5.5800000e+002
  3.2800000e+002  5.8600000e+002
  3.4700000e+002  5.8200000e+002
  3.7800000e+002  5.8900000e+002
  4.3600000e+002  6.0000000e+002
  5.4200000e+002  5.8600000e+002
  5.4300000e+002  5.5700000e+002
  5.6000000e+002  5.4700000e+002
  5.7100000e+002  5.2100000e+002
  5.5900000e+002  5.0800000e+002
  5.5500000e+002  4.9800000e+002
  5.8200000e+002  4.8700000e+002
  5.1500000e+002  3.8100000e+002
  4.5000000e+002  3.6000000e+002
  4.2700000e+002  3.4800000e+002
  4.0400000e+002  3.3400000e+002
  3.3500000e+002  3.2000000e+002
  3.0500000e+002  3.0000000e+002
  2.0200000e+002  2.7100000e+002
  8.6000000e+001  2.5600000e+002
