  1.0900000e+002  4.9800000e+002
  1.6600000e+002  5.1600000e+002
  3.0700000e+002  5.3300000e+002
  3.4200000e+002  5.3600000e+002
  3.7000000e+002  5.3600000e+002
  3.9500000e+002  5.3300000e+002
  4.2400000e+002  5.3100000e+002
  5.0300000e+002  5.3800000e+002
  5.9600000e+002  4.7700000e+002
  5.8700000e+002  4.4800000e+002
  6.0000000e+002  4.4200000e+002
  6.1200000e+002  4.2200000e+002
  6.0000000e+002  4.0000000e+002
  5.8400000e+002  3.9600000e+002
  5.9600000e+002  3.6200000e+002
  5.4200000e+002  2.9800000e+002
  4.3500000e+002  2.5900000e+002
  4.1200000e+002  2.5700000e+002
  3.9000000e+002  2.5500000e+002
  3.7200000e+002  2.5900000e+002
  3.4600000e+002  2.5200000e+002
  1.4900000e+002  2.6400000e+002
  8.9000000e+001  2.9100000e+002
