  3.1000000e+001  4.2500000e+002
  1.0300000e+002  4.6300000e+002
  2.2800000e+002  4.9800000e+002
  2.5600000e+002  5.0500000e+002
  2.8200000e+002  5.2300000e+002
  3.0500000e+002  5.3000000e+002
  3.2400000e+002  5.3100000e+002
  4.3800000e+002  5.2700000e+002
  5.1200000e+002  4.7700000e+002
  5.1800000e+002  4.4400000e+002
  5.3700000e+002  4.4000000e+002
  5.4200000e+002  4.2500000e+002
  5.4200000e+002  4.0300000e+002
  5.2100000e+002  3.8900000e+002
  5.4300000e+002  3.5300000e+002
  4.9200000e+002  2.9100000e+002
  4.0600000e+002  2.6300000e+002
  3.7900000e+002  2.4900000e+002
  3.6100000e+002  2.3500000e+002
  3.3600000e+002  2.2400000e+002
  3.1100000e+002  2.1400000e+002
  1.0800000e+002  2.0100000e+002
  3.6000000e+001  2.1900000e+002
