  1.5600000e+002  4.7400000e+002
  2.4500000e+002  5.0300000e+002
  4.3400000e+002  4.8900000e+002
  4.4700000e+002  4.8100000e+002
  4.6600000e+002  4.8300000e+002
  4.8800000e+002  4.7400000e+002
  5.0900000e+002  4.7300000e+002
  6.2000000e+002  4.5400000e+002
  6.8300000e+002  3.8500000e+002
  6.6900000e+002  3.5700000e+002
  6.8400000e+002  3.4900000e+002
  6.9400000e+002  3.2900000e+002
  6.8400000e+002  3.1100000e+002
  6.6600000e+002  3.0500000e+002
  6.7000000e+002  2.7500000e+002
  5.9500000e+002  2.2200000e+002
  5.0100000e+002  2.2000000e+002
  4.7900000e+002  2.1900000e+002
  4.5400000e+002  2.1500000e+002
  4.3300000e+002  2.1400000e+002
  4.1200000e+002  2.0700000e+002
  2.2400000e+002  2.2100000e+002
  1.5200000e+002  2.6000000e+002
