  1.5900000e+002  4.6600000e+002
  2.4400000e+002  4.8800000e+002
  4.3700000e+002  4.6900000e+002
  4.5400000e+002  4.6200000e+002
  4.6400000e+002  4.5700000e+002
  4.8200000e+002  4.6000000e+002
  4.9900000e+002  4.6200000e+002
  6.1000000e+002  4.3700000e+002
  6.7600000e+002  3.6700000e+002
  6.6500000e+002  3.3900000e+002
  6.7500000e+002  3.3000000e+002
  6.8400000e+002  3.1000000e+002
  6.7100000e+002  2.9000000e+002
  6.5600000e+002  2.8400000e+002
  6.6000000e+002  2.4700000e+002
  5.8400000e+002  2.0000000e+002
  5.1300000e+002  2.0500000e+002
  4.8500000e+002  2.0100000e+002
  4.6500000e+002  1.9700000e+002
  4.4400000e+002  1.9700000e+002
  4.2000000e+002  1.9200000e+002
  1.9500000e+002  2.1500000e+002
  1.3200000e+002  2.5600000e+002
