  1.1900000e+002  4.8600000e+002
  2.0200000e+002  5.0700000e+002
  3.5500000e+002  5.2100000e+002
  3.8500000e+002  5.2600000e+002
  4.1500000e+002  5.2700000e+002
  4.3800000e+002  5.2000000e+002
  4.6300000e+002  5.1900000e+002
  5.5500000e+002  5.2400000e+002
  6.4500000e+002  4.6200000e+002
  6.3200000e+002  4.3700000e+002
  6.4800000e+002  4.3000000e+002
  6.6200000e+002  4.0800000e+002
  6.5600000e+002  3.8900000e+002
  6.3600000e+002  3.8100000e+002
  6.4400000e+002  3.5000000e+002
  5.7600000e+002  2.8700000e+002
  4.9200000e+002  2.7300000e+002
  4.6800000e+002  2.7000000e+002
  4.4700000e+002  2.6600000e+002
  4.2100000e+002  2.6500000e+002
  3.9800000e+002  2.5200000e+002
  1.7700000e+002  2.6400000e+002
  1.2700000e+002  2.8700000e+002
