  1.6600000e+002  4.6000000e+002
  2.5000000e+002  4.8200000e+002
  4.3400000e+002  4.6700000e+002
  4.5300000e+002  4.5500000e+002
  4.7200000e+002  4.5400000e+002
  4.9100000e+002  4.5400000e+002
  5.0900000e+002  4.5400000e+002
  6.1200000e+002  4.2700000e+002
  6.8400000e+002  3.4600000e+002
  6.6800000e+002  3.2000000e+002
  6.8200000e+002  3.1200000e+002
  6.9200000e+002  2.8900000e+002
  6.7800000e+002  2.6600000e+002
  6.5300000e+002  2.6000000e+002
  6.6500000e+002  2.2700000e+002
  5.8200000e+002  1.8000000e+002
  4.9000000e+002  1.8500000e+002
  4.7100000e+002  1.8500000e+002
  4.5000000e+002  1.8000000e+002
  4.3000000e+002  1.8000000e+002
  4.0500000e+002  1.7400000e+002
  2.0700000e+002  2.0900000e+002
  1.4200000e+002  2.5000000e+002
