  1.2200000e+002  4.9400000e+002
  1.7800000e+002  5.1500000e+002
  3.2400000e+002  5.2800000e+002
  3.5800000e+002  5.3100000e+002
  3.9400000e+002  5.3500000e+002
  4.1500000e+002  5.2900000e+002
  4.4000000e+002  5.3100000e+002
  5.1900000e+002  5.3800000e+002
  6.1700000e+002  4.7900000e+002
  6.1000000e+002  4.4700000e+002
  6.2300000e+002  4.4100000e+002
  6.3300000e+002  4.2400000e+002
  6.2700000e+002  4.0300000e+002
  6.1000000e+002  3.9700000e+002
  6.1800000e+002  3.6300000e+002
  5.5000000e+002  2.9800000e+002
  4.7600000e+002  2.7900000e+002
  4.4500000e+002  2.8200000e+002
  4.2700000e+002  2.7800000e+002
  4.0800000e+002  2.7400000e+002
  3.9000000e+002  2.6200000e+002
  1.6200000e+002  2.6200000e+002
  1.0800000e+002  2.8800000e+002
