  7.1000000e+001  4.4600000e+002
  1.4200000e+002  4.8900000e+002
  2.6300000e+002  5.4400000e+002
  3.0100000e+002  5.5000000e+002
  3.1500000e+002  5.7500000e+002
  3.3700000e+002  5.7800000e+002
  3.6000000e+002  5.8800000e+002
  4.2900000e+002  6.3300000e+002
  5.3600000e+002  6.1700000e+002
  5.4100000e+002  5.9400000e+002
  5.5600000e+002  5.9300000e+002
  5.7700000e+002  5.8100000e+002
  5.8000000e+002  5.6200000e+002
  5.6700000e+002  5.3900000e+002
  5.8400000e+002  5.1900000e+002
  5.5700000e+002  4.3500000e+002
  4.6900000e+002  3.7100000e+002
  4.5500000e+002  3.6200000e+002
  4.4500000e+002  3.5000000e+002
  4.2900000e+002  3.4100000e+002
  4.1200000e+002  3.2800000e+002
  1.8100000e+002  2.2700000e+002
  1.1700000e+002  2.4400000e+002
