  1.5200000e+002  4.7400000e+002
  2.2200000e+002  4.9200000e+002
  4.2000000e+002  4.9200000e+002
  4.4500000e+002  4.7500000e+002
  4.6200000e+002  4.7500000e+002
  4.7700000e+002  4.6700000e+002
  4.9400000e+002  4.6800000e+002
  6.1800000e+002  4.4700000e+002
  6.7700000e+002  3.7700000e+002
  6.6400000e+002  3.4900000e+002
  6.7900000e+002  3.4000000e+002
  6.8600000e+002  3.1900000e+002
  6.7500000e+002  3.0000000e+002
  6.5600000e+002  2.9600000e+002
  6.6600000e+002  2.6400000e+002
  5.7900000e+002  2.1100000e+002
  5.0700000e+002  2.1400000e+002
  4.8000000e+002  2.1200000e+002
  4.5800000e+002  2.1000000e+002
  4.3800000e+002  2.1000000e+002
  4.1800000e+002  2.0500000e+002
  2.0800000e+002  2.2300000e+002
  1.4200000e+002  2.5700000e+002
