  4.9000000e+001  4.5700000e+002
  1.2000000e+002  4.9300000e+002
  2.6800000e+002  5.2600000e+002
  2.9700000e+002  5.2200000e+002
  3.2100000e+002  5.3000000e+002
  3.5100000e+002  5.2700000e+002
  3.8100000e+002  5.2700000e+002
  4.6500000e+002  5.3500000e+002
  5.6500000e+002  4.8700000e+002
  5.5500000e+002  4.5700000e+002
  5.7000000e+002  4.5100000e+002
  5.8500000e+002  4.3100000e+002
  5.6900000e+002  4.1000000e+002
  5.4900000e+002  3.9700000e+002
  5.6700000e+002  3.5900000e+002
  5.0800000e+002  2.9800000e+002
  4.3400000e+002  2.6200000e+002
  4.1100000e+002  2.5200000e+002
  3.8900000e+002  2.4000000e+002
  3.6400000e+002  2.4500000e+002
  3.3600000e+002  2.4000000e+002
  1.5900000e+002  2.1800000e+002
  8.2000000e+001  2.4300000e+002
