  4.2000000e+001  4.2300000e+002
  1.0800000e+002  4.4500000e+002
  2.4100000e+002  4.6600000e+002
  2.7500000e+002  4.6600000e+002
  3.0300000e+002  4.7200000e+002
  3.2300000e+002  4.6300000e+002
  3.6400000e+002  4.6400000e+002
  4.1900000e+002  4.7100000e+002
  5.0300000e+002  4.1200000e+002
  5.1400000e+002  3.7900000e+002
  5.2600000e+002  3.7300000e+002
  5.3200000e+002  3.6000000e+002
  5.2600000e+002  3.4000000e+002
  5.1400000e+002  3.3600000e+002
  5.2200000e+002  3.1500000e+002
  4.5500000e+002  2.4200000e+002
  4.0900000e+002  2.3600000e+002
  3.5300000e+002  2.1700000e+002
  3.2400000e+002  2.0500000e+002
  3.0400000e+002  2.1600000e+002
  2.6600000e+002  1.9900000e+002
  9.9000000e+001  1.9300000e+002
  4.0000000e+001  2.1700000e+002
