  3.4000000e+001  4.5300000e+002
  1.2000000e+002  4.9400000e+002
  2.5100000e+002  5.8000000e+002
  2.6900000e+002  5.9300000e+002
  2.8500000e+002  6.0900000e+002
  3.0000000e+002  6.1000000e+002
  3.1900000e+002  6.1400000e+002
  4.0000000e+002  6.6300000e+002
  5.0100000e+002  6.5100000e+002
  5.0200000e+002  6.3000000e+002
  5.1900000e+002  6.2700000e+002
  5.3300000e+002  6.1800000e+002
  5.3500000e+002  6.0100000e+002
  5.2800000e+002  5.9100000e+002
  5.4400000e+002  5.7800000e+002
  5.1900000e+002  4.7300000e+002
  4.5800000e+002  4.1300000e+002
  4.3200000e+002  3.9700000e+002
  4.2200000e+002  3.7900000e+002
  4.1000000e+002  3.7500000e+002
  3.9000000e+002  3.5900000e+002
  1.9000000e+002  2.5900000e+002
  1.2400000e+002  2.5900000e+002
