  8.4000000e+001  4.3900000e+002
  1.4700000e+002  4.8400000e+002
  2.4700000e+002  5.3300000e+002
  2.8300000e+002  5.5200000e+002
  3.1000000e+002  5.7200000e+002
  3.3000000e+002  5.7100000e+002
  3.5400000e+002  5.7800000e+002
  4.1900000e+002  6.0500000e+002
  5.2600000e+002  5.9800000e+002
  5.2800000e+002  5.6300000e+002
  5.4400000e+002  5.5700000e+002
  5.5700000e+002  5.4600000e+002
  5.6100000e+002  5.3100000e+002
  5.5400000e+002  5.1900000e+002
  5.6400000e+002  5.0400000e+002
  5.2500000e+002  4.0500000e+002
  4.6700000e+002  3.7600000e+002
  4.4100000e+002  3.5200000e+002
  4.1800000e+002  3.2800000e+002
  3.9700000e+002  3.3000000e+002
  3.6900000e+002  3.0600000e+002
  1.8600000e+002  2.2500000e+002
  1.1900000e+002  2.3400000e+002
