  6.7000000e+001  4.8100000e+002
  1.3700000e+002  5.0000000e+002
  2.9100000e+002  5.1300000e+002
  3.1300000e+002  5.1600000e+002
  3.3600000e+002  5.1900000e+002
  3.5200000e+002  5.0600000e+002
  3.7200000e+002  5.0500000e+002
  4.4300000e+002  5.0000000e+002
  5.4400000e+002  4.3400000e+002
  5.3200000e+002  4.1600000e+002
  5.4200000e+002  4.0500000e+002
  5.5300000e+002  3.8600000e+002
  5.5000000e+002  3.6900000e+002
  5.3800000e+002  3.6500000e+002
  5.4700000e+002  3.4400000e+002
  4.7700000e+002  2.7100000e+002
  3.9300000e+002  2.6900000e+002
  3.7100000e+002  2.6200000e+002
  3.4400000e+002  2.4600000e+002
  3.2300000e+002  2.5400000e+002
  3.0600000e+002  2.4600000e+002
  1.1200000e+002  2.5200000e+002
  6.5000000e+001  2.7400000e+002
