  5.0000000e+001  4.9000000e+002
  1.1900000e+002  5.1000000e+002
  2.7400000e+002  5.1600000e+002
  3.0200000e+002  5.1800000e+002
  3.2600000e+002  5.2200000e+002
  3.4200000e+002  5.1100000e+002
  3.6000000e+002  5.0800000e+002
  4.3400000e+002  5.0000000e+002
  5.2600000e+002  4.4000000e+002
  5.2000000e+002  4.1000000e+002
  5.3300000e+002  3.9700000e+002
  5.3900000e+002  3.8000000e+002
  5.3200000e+002  3.6500000e+002
  5.2200000e+002  3.6000000e+002
  5.3000000e+002  3.3900000e+002
  4.5600000e+002  2.6700000e+002
  3.6300000e+002  2.5600000e+002
  3.4200000e+002  2.6000000e+002
  3.2400000e+002  2.5100000e+002
  3.0500000e+002  2.5700000e+002
  2.8300000e+002  2.5200000e+002
  1.3100000e+002  2.5100000e+002
  5.0000000e+001  2.8000000e+002
