  3.7000000e+001  4.8800000e+002
  1.2000000e+002  5.0900000e+002
  2.5500000e+002  5.0400000e+002
  2.8600000e+002  4.9600000e+002
  3.1200000e+002  5.1100000e+002
  3.3200000e+002  4.9900000e+002
  3.7900000e+002  4.8200000e+002
  4.5400000e+002  4.6700000e+002
  5.1600000e+002  4.0500000e+002
  5.0500000e+002  3.7600000e+002
  5.1700000e+002  3.6400000e+002
  5.2100000e+002  3.4800000e+002
  5.1500000e+002  3.3100000e+002
  5.0200000e+002  3.2900000e+002
  5.0900000e+002  3.0200000e+002
  4.3400000e+002  2.4500000e+002
  3.7600000e+002  2.4700000e+002
  3.1200000e+002  2.4600000e+002
  2.9200000e+002  2.3800000e+002
  2.7400000e+002  2.4300000e+002
  2.3900000e+002  2.3800000e+002
  1.0100000e+002  2.6200000e+002
  3.6000000e+001  2.7600000e+002
