  2.7000000e+001  4.1600000e+002
  9.9000000e+001  4.4600000e+002
  2.0200000e+002  4.9500000e+002
  2.2700000e+002  5.2100000e+002
  2.4100000e+002  5.3600000e+002
  2.6200000e+002  5.3500000e+002
  2.8100000e+002  5.4200000e+002
  3.6500000e+002  5.9100000e+002
  4.4700000e+002  5.8300000e+002
  4.6200000e+002  5.5600000e+002
  4.7900000e+002  5.5300000e+002
  4.9000000e+002  5.4200000e+002
  4.9700000e+002  5.2800000e+002
  4.9100000e+002  5.1700000e+002
  5.0500000e+002  5.0000000e+002
  4.7800000e+002  3.9600000e+002
  4.0800000e+002  3.4600000e+002
  3.8800000e+002  3.2800000e+002
  3.7600000e+002  3.0700000e+002
  3.5300000e+002  3.0200000e+002
  3.3500000e+002  2.8700000e+002
  1.2200000e+002  2.0700000e+002
  4.0000000e+001  2.1800000e+002
