  1.0200000e+002  4.8000000e+002
  1.8900000e+002  4.8800000e+002
  3.8400000e+002  4.4700000e+002
  4.0200000e+002  4.5200000e+002
  4.3100000e+002  4.6700000e+002
  4.4100000e+002  4.5400000e+002
  4.5800000e+002  4.4700000e+002
  5.4300000e+002  4.1600000e+002
  6.0700000e+002  3.4500000e+002
  6.0100000e+002  3.1500000e+002
  6.1200000e+002  3.0000000e+002
  6.1300000e+002  2.8400000e+002
  6.0600000e+002  2.6900000e+002
  5.9500000e+002  2.6700000e+002
  5.9500000e+002  2.3900000e+002
  4.8800000e+002  1.9500000e+002
  4.2200000e+002  2.0800000e+002
  4.0300000e+002  2.0900000e+002
  3.8000000e+002  2.0200000e+002
  3.6500000e+002  2.0400000e+002
  3.3900000e+002  2.0700000e+002
  1.6400000e+002  2.5400000e+002
  1.1800000e+002  2.7600000e+002
