  2.9000000e+001  4.8500000e+002
  1.0400000e+002  4.9900000e+002
  2.6500000e+002  5.0200000e+002
  2.8000000e+002  4.9800000e+002
  3.1000000e+002  5.1100000e+002
  3.3100000e+002  4.9700000e+002
  3.7400000e+002  4.8500000e+002
  4.2600000e+002  4.8400000e+002
  5.1300000e+002  4.1000000e+002
  4.9900000e+002  3.8400000e+002
  5.1300000e+002  3.7300000e+002
  5.1900000e+002  3.5500000e+002
  5.1300000e+002  3.3800000e+002
  4.9900000e+002  3.3600000e+002
  5.0600000e+002  3.1600000e+002
  4.2800000e+002  2.4800000e+002
  3.8200000e+002  2.4900000e+002
  3.2400000e+002  2.5000000e+002
  2.9100000e+002  2.3900000e+002
  2.7100000e+002  2.4500000e+002
  2.4000000e+002  2.3600000e+002
  1.0200000e+002  2.5100000e+002
  2.5000000e+001  2.7500000e+002
