  1.0300000e+002  4.7400000e+002
  1.9500000e+002  4.9100000e+002
  3.8100000e+002  4.7700000e+002
  4.0300000e+002  4.7800000e+002
  4.3800000e+002  4.9400000e+002
  4.6500000e+002  4.9300000e+002
  4.8400000e+002  4.9000000e+002
  5.7800000e+002  4.7300000e+002
  6.5600000e+002  4.0500000e+002
  6.3900000e+002  3.8900000e+002
  6.5100000e+002  3.7800000e+002
  6.6800000e+002  3.5400000e+002
  6.5500000e+002  3.3300000e+002
  6.3800000e+002  3.2900000e+002
  6.5300000e+002  2.8300000e+002
  5.4600000e+002  2.2800000e+002
  4.6800000e+002  2.2700000e+002
  4.4500000e+002  2.2600000e+002
  4.2300000e+002  2.1900000e+002
  4.0500000e+002  2.2200000e+002
  3.8200000e+002  2.1800000e+002
  1.9300000e+002  2.3600000e+002
  8.9000000e+001  2.7600000e+002
