  1.2600000e+002  4.8000000e+002
  2.1200000e+002  4.9700000e+002
  3.9900000e+002  4.7900000e+002
  4.2600000e+002  4.7500000e+002
  4.5500000e+002  4.9400000e+002
  4.7600000e+002  4.9000000e+002
  4.9000000e+002  4.8200000e+002
  5.8000000e+002  4.7500000e+002
  6.8200000e+002  4.1400000e+002
  6.6700000e+002  3.8700000e+002
  6.7800000e+002  3.7600000e+002
  6.9200000e+002  3.5200000e+002
  6.7600000e+002  3.3500000e+002
  6.5900000e+002  3.3100000e+002
  6.7700000e+002  2.8700000e+002
  5.6500000e+002  2.2700000e+002
  4.7800000e+002  2.3100000e+002
  4.5700000e+002  2.2800000e+002
  4.4200000e+002  2.2400000e+002
  4.2500000e+002  2.2600000e+002
  4.0200000e+002  2.2300000e+002
  2.1300000e+002  2.4300000e+002
  1.2200000e+002  2.8000000e+002
