  3.5000000e+001  4.7300000e+002
  1.1600000e+002  4.8300000e+002
  3.0200000e+002  4.5100000e+002
  3.3000000e+002  4.4500000e+002
  3.4800000e+002  4.4900000e+002
  3.6600000e+002  4.4600000e+002
  3.9100000e+002  4.4400000e+002
  4.6900000e+002  4.2500000e+002
  5.6300000e+002  3.3000000e+002
  5.4600000e+002  3.1300000e+002
  5.5700000e+002  3.0300000e+002
  5.6400000e+002  2.8500000e+002
  5.5600000e+002  2.6500000e+002
  5.3900000e+002  2.6300000e+002
  5.5200000e+002  2.2800000e+002
  4.5000000e+002  1.7600000e+002
  3.5400000e+002  1.8100000e+002
  3.3200000e+002  1.8000000e+002
  3.0900000e+002  1.7900000e+002
  2.8400000e+002  1.8200000e+002
  2.6200000e+002  1.8300000e+002
  1.0000000e+002  2.1500000e+002
  3.0000000e+001  2.5200000e+002
