  2.9000000e+001  5.0400000e+002
  8.9000000e+001  5.1100000e+002
  2.6700000e+002  5.1400000e+002
  2.9200000e+002  5.1700000e+002
  3.1400000e+002  5.2100000e+002
  3.3100000e+002  5.1600000e+002
  3.4500000e+002  5.0900000e+002
  4.3100000e+002  4.9800000e+002
  5.3900000e+002  4.3800000e+002
  5.3100000e+002  4.0700000e+002
  5.4100000e+002  3.9400000e+002
  5.4200000e+002  3.7700000e+002
  5.3400000e+002  3.5800000e+002
  5.2300000e+002  3.5100000e+002
  5.2800000e+002  3.1300000e+002
  4.4600000e+002  2.4700000e+002
  3.5700000e+002  2.4000000e+002
  3.3100000e+002  2.4400000e+002
  3.0400000e+002  2.4900000e+002
  2.8400000e+002  2.5500000e+002
  2.6300000e+002  2.5200000e+002
  8.4000000e+001  2.6200000e+002
  2.7000000e+001  2.8500000e+002
