  5.2000000e+001  4.5700000e+002
  1.5300000e+002  5.0800000e+002
  3.0400000e+002  5.5000000e+002
  3.2700000e+002  5.5700000e+002
  3.4400000e+002  5.6500000e+002
  3.6100000e+002  5.6400000e+002
  3.7600000e+002  5.6200000e+002
  4.6500000e+002  5.8600000e+002
  5.8400000e+002  5.5100000e+002
  5.7600000e+002  5.2900000e+002
  5.9400000e+002  5.2100000e+002
  6.0800000e+002  5.0200000e+002
  6.0500000e+002  4.8200000e+002
  5.9600000e+002  4.7100000e+002
  6.1200000e+002  4.5700000e+002
  5.5300000e+002  3.6200000e+002
  4.9300000e+002  3.2200000e+002
  4.7000000e+002  3.0800000e+002
  4.5200000e+002  3.0300000e+002
  4.2600000e+002  3.0000000e+002
  4.0800000e+002  2.9200000e+002
  1.5500000e+002  2.4000000e+002
  9.1000000e+001  2.4500000e+002
