  3.2000000e+001  4.6200000e+002
  1.0800000e+002  4.9600000e+002
  2.9600000e+002  5.4700000e+002
  3.1800000e+002  5.4800000e+002
  3.3300000e+002  5.5400000e+002
  3.5200000e+002  5.5400000e+002
  3.6500000e+002  5.5000000e+002
  4.6000000e+002  5.6700000e+002
  5.7100000e+002  5.3200000e+002
  5.6700000e+002  5.0800000e+002
  5.8200000e+002  5.0100000e+002
  5.9400000e+002  4.8600000e+002
  5.9000000e+002  4.6500000e+002
  5.7400000e+002  4.5500000e+002
  5.9200000e+002  4.4700000e+002
  5.3500000e+002  3.4400000e+002
  4.5600000e+002  2.9400000e+002
  4.2600000e+002  2.8600000e+002
  4.0400000e+002  2.8100000e+002
  3.8600000e+002  2.7700000e+002
  3.6500000e+002  2.6500000e+002
  1.3400000e+002  2.4100000e+002
  7.6000000e+001  2.4900000e+002
