  6.4000000e+001  4.8100000e+002
  1.4900000e+002  4.9300000e+002
  3.1800000e+002  4.7800000e+002
  3.6000000e+002  4.6900000e+002
  3.8900000e+002  4.7100000e+002
  4.1100000e+002  4.6400000e+002
  4.3200000e+002  4.6000000e+002
  5.1800000e+002  4.3800000e+002
  5.8600000e+002  3.9600000e+002
  5.7600000e+002  3.5600000e+002
  5.9800000e+002  3.3100000e+002
  6.1300000e+002  3.1100000e+002
  6.0200000e+002  2.9300000e+002
  5.7500000e+002  2.9000000e+002
  5.7800000e+002  2.4000000e+002
  5.0000000e+002  1.9700000e+002
  4.1000000e+002  2.0400000e+002
  3.7500000e+002  2.0700000e+002
  3.5000000e+002  2.0500000e+002
  3.2100000e+002  2.0800000e+002
  2.8900000e+002  2.0600000e+002
  1.1400000e+002  2.4600000e+002
  6.2000000e+001  2.7500000e+002
