  6.1000000e+001  4.2400000e+002
  1.2300000e+002  4.5900000e+002
  3.1000000e+002  5.3300000e+002
  3.2700000e+002  5.3800000e+002
  3.4800000e+002  5.4900000e+002
  3.6500000e+002  5.4900000e+002
  3.8400000e+002  5.5200000e+002
  4.7400000e+002  5.9100000e+002
  5.6500000e+002  5.6300000e+002
  5.7000000e+002  5.4100000e+002
  5.8700000e+002  5.3800000e+002
  5.9600000e+002  5.2400000e+002
  5.9400000e+002  5.0700000e+002
  5.8000000e+002  4.9700000e+002
  5.9600000e+002  4.7400000e+002
  5.4900000e+002  3.7600000e+002
  4.6500000e+002  3.3100000e+002
  4.5100000e+002  3.1800000e+002
  4.3200000e+002  3.0200000e+002
  4.1600000e+002  2.9800000e+002
  3.9800000e+002  2.8700000e+002
  1.5300000e+002  2.4000000e+002
  9.4000000e+001  2.5100000e+002
