  4.5000000e+001  4.5800000e+002
  1.2400000e+002  4.9700000e+002
  2.2100000e+002  4.9700000e+002
  2.4200000e+002  5.0100000e+002
  2.6400000e+002  5.0100000e+002
  2.8800000e+002  4.9500000e+002
  3.1500000e+002  4.8300000e+002
  4.1300000e+002  4.8700000e+002
  5.0800000e+002  4.5400000e+002
  5.0200000e+002  4.3800000e+002
  5.2100000e+002  4.2700000e+002
  5.3700000e+002  4.0600000e+002
  5.2000000e+002  3.7400000e+002
  5.1000000e+002  3.6200000e+002
  5.3900000e+002  3.4600000e+002
  4.5000000e+002  2.5900000e+002
  3.8500000e+002  2.4300000e+002
  3.6300000e+002  2.3300000e+002
  3.3700000e+002  2.1500000e+002
  3.0000000e+002  2.0800000e+002
  2.7200000e+002  2.0200000e+002
  1.3800000e+002  2.0900000e+002
  3.7000000e+001  2.6500000e+002
