  3.1000000e+001  4.5300000e+002
  1.1700000e+002  4.8600000e+002
  2.1000000e+002  5.0600000e+002
  2.4100000e+002  5.1000000e+002
  2.7100000e+002  5.1300000e+002
  3.0000000e+002  5.0700000e+002
  3.2000000e+002  4.9800000e+002
  4.1700000e+002  5.0200000e+002
  4.9800000e+002  4.8500000e+002
  5.0400000e+002  4.5700000e+002
  5.1800000e+002  4.4500000e+002
  5.4100000e+002  4.2500000e+002
  5.3400000e+002  4.0100000e+002
  5.2500000e+002  3.8300000e+002
  5.4400000e+002  3.5900000e+002
  4.5800000e+002  2.8100000e+002
  3.8400000e+002  2.5300000e+002
  3.6700000e+002  2.4000000e+002
  3.4800000e+002  2.2800000e+002
  3.2100000e+002  2.2600000e+002
  2.9200000e+002  2.1700000e+002
  1.5300000e+002  2.1400000e+002
  2.8000000e+001  2.7000000e+002
