  3.4000000e+001  4.7100000e+002
  1.0700000e+002  4.9000000e+002
  2.5200000e+002  4.9000000e+002
  3.0000000e+002  4.9700000e+002
  3.2600000e+002  5.0700000e+002
  3.4700000e+002  4.9300000e+002
  3.6800000e+002  4.8400000e+002
  4.4000000e+002  4.7500000e+002
  5.2000000e+002  4.1600000e+002
  5.1500000e+002  3.9100000e+002
  5.2600000e+002  3.7900000e+002
  5.3000000e+002  3.6200000e+002
  5.2100000e+002  3.4700000e+002
  5.0500000e+002  3.4400000e+002
  5.1600000e+002  3.1700000e+002
  4.4000000e+002  2.5100000e+002
  3.7100000e+002  2.4300000e+002
  3.4600000e+002  2.4100000e+002
  3.1800000e+002  2.4400000e+002
  3.0600000e+002  2.5300000e+002
  2.7400000e+002  2.5300000e+002
  8.6000000e+001  2.7100000e+002
  2.8000000e+001  2.7400000e+002
