  1.2300000e+002  4.5700000e+002
  1.8100000e+002  5.0100000e+002
  2.7200000e+002  5.5900000e+002
  2.8600000e+002  5.6400000e+002
  2.9300000e+002  5.8400000e+002
  3.1800000e+002  5.8800000e+002
  3.3700000e+002  5.9900000e+002
  3.8400000e+002  6.4000000e+002
  4.8400000e+002  6.6300000e+002
  4.9100000e+002  6.5600000e+002
  5.1100000e+002  6.5500000e+002
  5.2500000e+002  6.4800000e+002
  5.3300000e+002  6.2800000e+002
  5.3100000e+002  6.1500000e+002
  5.5000000e+002  6.0000000e+002
  5.4000000e+002  5.0500000e+002
  4.8800000e+002  4.2900000e+002
  4.6900000e+002  4.2100000e+002
  4.6000000e+002  4.0500000e+002
  4.4300000e+002  3.8500000e+002
  4.2700000e+002  3.6600000e+002
  1.9900000e+002  2.4800000e+002
  1.3100000e+002  2.5400000e+002
