  3.2000000e+001  4.6000000e+002
  1.1600000e+002  4.6800000e+002
  2.6600000e+002  4.5100000e+002
  2.9900000e+002  4.3700000e+002
  3.1600000e+002  4.3700000e+002
  3.3800000e+002  4.2600000e+002
  3.5900000e+002  4.1700000e+002
  4.6000000e+002  3.8800000e+002
  5.0500000e+002  3.2600000e+002
  4.9000000e+002  3.1100000e+002
  5.0300000e+002  3.0200000e+002
  5.0900000e+002  2.8400000e+002
  5.0000000e+002  2.6700000e+002
  4.8300000e+002  2.5800000e+002
  4.9300000e+002  2.2900000e+002
  4.3000000e+002  1.8300000e+002
  3.3800000e+002  1.8400000e+002
  3.1200000e+002  1.8300000e+002
  2.8200000e+002  1.7700000e+002
  2.6200000e+002  1.8600000e+002
  2.3500000e+002  1.9100000e+002
  6.0000000e+001  2.3900000e+002
  1.7000000e+001  2.6800000e+002
