  1.7500000e+002  4.7200000e+002
  2.2300000e+002  5.0900000e+002
  3.2000000e+002  5.9400000e+002
  3.4300000e+002  6.0900000e+002
  3.6600000e+002  6.2100000e+002
  3.8900000e+002  6.3600000e+002
  4.1100000e+002  6.4000000e+002
  4.8400000e+002  6.7100000e+002
  6.0000000e+002  6.8500000e+002
  6.0000000e+002  6.6400000e+002
  6.1700000e+002  6.6100000e+002
  6.3200000e+002  6.5100000e+002
  6.3700000e+002  6.3100000e+002
  6.1800000e+002  6.1800000e+002
  6.4600000e+002  5.8800000e+002
  6.1300000e+002  5.0000000e+002
  5.5800000e+002  4.4800000e+002
  5.4400000e+002  4.3300000e+002
  5.3100000e+002  4.1700000e+002
  5.2300000e+002  3.9900000e+002
  5.0900000e+002  3.8500000e+002
  2.9500000e+002  2.7400000e+002
  2.3500000e+002  2.8000000e+002
