  3.1000000e+001  4.5800000e+002
  1.0700000e+002  4.6000000e+002
  2.6800000e+002  4.4100000e+002
  2.8600000e+002  4.3300000e+002
  3.0400000e+002  4.3600000e+002
  3.2100000e+002  4.2500000e+002
  3.3600000e+002  4.1700000e+002
  4.1000000e+002  4.0600000e+002
  4.9400000e+002  3.3100000e+002
  4.7900000e+002  3.1500000e+002
  4.9400000e+002  3.0800000e+002
  4.9900000e+002  2.9200000e+002
  4.9100000e+002  2.7400000e+002
  4.7100000e+002  2.6200000e+002
  4.8700000e+002  2.3900000e+002
  4.1300000e+002  1.8200000e+002
  3.3800000e+002  1.8100000e+002
  3.1500000e+002  1.7800000e+002
  2.8500000e+002  1.7200000e+002
  2.6300000e+002  1.7800000e+002
  2.3900000e+002  1.7900000e+002
  7.7000000e+001  2.1300000e+002
  1.9000000e+001  2.4900000e+002
