  3.4000000e+001  4.4200000e+002
  1.0500000e+002  4.5200000e+002
  2.3500000e+002  4.4500000e+002
  2.6300000e+002  4.4300000e+002
  2.8700000e+002  4.4100000e+002
  3.1000000e+002  4.3200000e+002
  3.2900000e+002  4.2500000e+002
  4.0000000e+002  4.1600000e+002
  4.8700000e+002  3.4900000e+002
  4.7500000e+002  3.3000000e+002
  4.8600000e+002  3.2300000e+002
  4.9300000e+002  3.0300000e+002
  4.8500000e+002  2.9100000e+002
  4.6900000e+002  2.8200000e+002
  4.8300000e+002  2.5500000e+002
  3.8400000e+002  1.9400000e+002
  3.3000000e+002  1.9000000e+002
  3.0000000e+002  1.8500000e+002
  2.7800000e+002  1.7800000e+002
  2.5600000e+002  1.8300000e+002
  2.3000000e+002  1.8200000e+002
  7.6000000e+001  2.1000000e+002
  2.0000000e+001  2.3800000e+002
