  1.4500000e+002  4.3800000e+002
  2.1700000e+002  4.5000000e+002
  3.8300000e+002  4.5500000e+002
  4.0000000e+002  4.4900000e+002
  4.1700000e+002  4.5300000e+002
  4.3400000e+002  4.5300000e+002
  4.5400000e+002  4.5300000e+002
  5.6500000e+002  4.2800000e+002
  6.2500000e+002  3.5500000e+002
  6.1800000e+002  3.4300000e+002
  6.2500000e+002  3.3100000e+002
  6.3000000e+002  3.1500000e+002
  6.1800000e+002  3.0000000e+002
  6.0400000e+002  2.9100000e+002
  6.0400000e+002  2.5500000e+002
  5.4700000e+002  2.1100000e+002
  4.8200000e+002  2.0200000e+002
  4.5900000e+002  2.0300000e+002
  4.2700000e+002  1.9100000e+002
  4.0500000e+002  1.9100000e+002
  3.7900000e+002  1.8600000e+002
  1.8600000e+002  2.1000000e+002
  1.2200000e+002  2.3000000e+002
