  7.8000000e+001  4.6900000e+002
  1.3000000e+002  4.9500000e+002
  2.5400000e+002  5.6300000e+002
  2.7800000e+002  5.8300000e+002
  3.0200000e+002  5.9800000e+002
  3.2500000e+002  6.1300000e+002
  3.4900000e+002  6.2000000e+002
  4.2400000e+002  6.4600000e+002
  5.2500000e+002  6.5300000e+002
  5.2600000e+002  6.3000000e+002
  5.4500000e+002  6.2300000e+002
  5.5500000e+002  6.1000000e+002
  5.6100000e+002  5.9600000e+002
  5.4900000e+002  5.8500000e+002
  5.7000000e+002  5.7100000e+002
  5.4500000e+002  4.7400000e+002
  4.7600000e+002  4.1000000e+002
  4.5400000e+002  3.8900000e+002
  4.4100000e+002  3.6800000e+002
  4.2600000e+002  3.5200000e+002
  4.1200000e+002  3.2800000e+002
  2.1400000e+002  2.6000000e+002
  1.5500000e+002  2.7100000e+002
