  3.9000000e+001  4.4300000e+002
  1.0400000e+002  4.7700000e+002
  2.9900000e+002  5.1900000e+002
  3.2100000e+002  5.2600000e+002
  3.4300000e+002  5.3700000e+002
  3.5900000e+002  5.3400000e+002
  3.7600000e+002  5.3300000e+002
  4.4900000e+002  5.5200000e+002
  5.5700000e+002  5.1800000e+002
  5.5900000e+002  4.9300000e+002
  5.7400000e+002  4.9000000e+002
  5.8100000e+002  4.7900000e+002
  5.7700000e+002  4.6100000e+002
  5.6300000e+002  4.4900000e+002
  5.7700000e+002  4.3000000e+002
  5.2400000e+002  3.4700000e+002
  4.3000000e+002  3.0800000e+002
  4.0800000e+002  3.0600000e+002
  3.9600000e+002  2.9800000e+002
  3.7800000e+002  2.9500000e+002
  3.5600000e+002  2.8900000e+002
  1.3000000e+002  2.5900000e+002
  8.8000000e+001  2.7300000e+002
