  5.0000000e+001  4.4400000e+002
  1.1400000e+002  4.8000000e+002
  3.0300000e+002  5.2200000e+002
  3.2600000e+002  5.2900000e+002
  3.4800000e+002  5.4200000e+002
  3.6400000e+002  5.3700000e+002
  3.8100000e+002  5.3800000e+002
  4.5600000e+002  5.5800000e+002
  5.6200000e+002  5.2000000e+002
  5.6300000e+002  4.9800000e+002
  5.7500000e+002  4.9500000e+002
  5.8500000e+002  4.8800000e+002
  5.8600000e+002  4.7600000e+002
  5.7300000e+002  4.6000000e+002
  5.8400000e+002  4.3000000e+002
  5.2900000e+002  3.5400000e+002
  4.3600000e+002  3.1300000e+002
  4.1300000e+002  3.1000000e+002
  4.0100000e+002  3.0100000e+002
  3.8100000e+002  3.0000000e+002
  3.5700000e+002  2.9000000e+002
  1.5200000e+002  2.5400000e+002
  9.4000000e+001  2.7200000e+002
