  4.9000000e+001  4.4200000e+002
  1.0800000e+002  4.7800000e+002
  3.0500000e+002  5.2600000e+002
  3.2700000e+002  5.3200000e+002
  3.4800000e+002  5.4400000e+002
  3.6300000e+002  5.3900000e+002
  3.8400000e+002  5.4100000e+002
  4.6700000e+002  5.5800000e+002
  5.6500000e+002  5.2000000e+002
  5.6700000e+002  4.9900000e+002
  5.8300000e+002  4.9400000e+002
  5.8900000e+002  4.8000000e+002
  5.8400000e+002  4.6900000e+002
  5.7200000e+002  4.5300000e+002
  5.8300000e+002  4.3400000e+002
  5.3300000e+002  3.5800000e+002
  4.3800000e+002  3.1400000e+002
  4.1200000e+002  3.1300000e+002
  3.9900000e+002  3.0300000e+002
  3.8100000e+002  3.0200000e+002
  3.6100000e+002  2.9500000e+002
  1.4800000e+002  2.5500000e+002
  9.0000000e+001  2.7100000e+002
