  4.5000000e+001  4.4600000e+002
  1.0900000e+002  4.7400000e+002
  3.0500000e+002  5.2000000e+002
  3.2700000e+002  5.2700000e+002
  3.4600000e+002  5.4100000e+002
  3.6000000e+002  5.3600000e+002
  3.8000000e+002  5.3900000e+002
  4.5200000e+002  5.5600000e+002
  5.6000000e+002  5.1700000e+002
  5.6100000e+002  4.9600000e+002
  5.7300000e+002  4.9500000e+002
  5.8200000e+002  4.8300000e+002
  5.8200000e+002  4.6700000e+002
  5.6700000e+002  4.5300000e+002
  5.8200000e+002  4.2300000e+002
  5.3400000e+002  3.5600000e+002
  4.3200000e+002  3.1100000e+002
  4.0900000e+002  3.1000000e+002
  3.9700000e+002  2.9900000e+002
  3.7900000e+002  2.9700000e+002
  3.5300000e+002  2.8800000e+002
  1.4300000e+002  2.5500000e+002
  9.3000000e+001  2.7300000e+002
