  1.1100000e+002  4.4700000e+002
  1.7900000e+002  4.8700000e+002
  3.5300000e+002  5.2900000e+002
  3.7400000e+002  5.2000000e+002
  4.0400000e+002  5.3000000e+002
  4.2900000e+002  5.3800000e+002
  4.6500000e+002  5.4300000e+002
  5.0800000e+002  5.5200000e+002
  6.1500000e+002  5.1600000e+002
  5.9200000e+002  4.8400000e+002
  6.1700000e+002  4.8300000e+002
  6.5500000e+002  4.8000000e+002
  6.2400000e+002  4.4700000e+002
  6.0100000e+002  4.3800000e+002
  6.3600000e+002  4.2900000e+002
  5.6400000e+002  3.4600000e+002
  5.0700000e+002  3.1500000e+002
  4.8600000e+002  3.1000000e+002
  4.6200000e+002  2.8900000e+002
  4.4200000e+002  2.8000000e+002
  4.1900000e+002  2.6800000e+002
  2.1300000e+002  2.4300000e+002
  1.2800000e+002  2.6900000e+002
