  3.9000000e+001  4.8000000e+002
  1.4500000e+002  5.0700000e+002
  2.7900000e+002  5.0100000e+002
  3.1600000e+002  5.0900000e+002
  3.5000000e+002  5.1900000e+002
  3.6600000e+002  5.0800000e+002
  3.9500000e+002  5.0500000e+002
  4.6700000e+002  4.8700000e+002
  5.4600000e+002  4.4000000e+002
  5.3600000e+002  4.2400000e+002
  5.5100000e+002  4.1700000e+002
  5.6200000e+002  4.0500000e+002
  5.5500000e+002  3.8700000e+002
  5.4100000e+002  3.8200000e+002
  5.5000000e+002  3.4100000e+002
  4.8800000e+002  2.9100000e+002
  3.6900000e+002  2.7200000e+002
  3.5200000e+002  2.7900000e+002
  3.3700000e+002  2.7300000e+002
  3.2000000e+002  2.7500000e+002
  3.0300000e+002  2.7000000e+002
  1.4600000e+002  2.6800000e+002
  7.8000000e+001  2.9100000e+002
