  4.9000000e+001  4.5200000e+002
  1.4000000e+002  4.8200000e+002
  3.3000000e+002  4.5600000e+002
  3.4400000e+002  4.4600000e+002
  3.6300000e+002  4.3600000e+002
  3.7500000e+002  4.2800000e+002
  3.9100000e+002  4.2400000e+002
  4.6000000e+002  4.1000000e+002
  5.4900000e+002  3.2900000e+002
  5.1800000e+002  3.1200000e+002
  5.3300000e+002  3.0400000e+002
  5.6000000e+002  2.8600000e+002
  5.3100000e+002  2.6600000e+002
  5.0700000e+002  2.6000000e+002
  5.3700000e+002  2.3600000e+002
  4.2400000e+002  1.9100000e+002
  3.5600000e+002  1.9500000e+002
  3.4300000e+002  2.0200000e+002
  3.2300000e+002  1.9400000e+002
  3.0700000e+002  1.9400000e+002
  2.8600000e+002  1.9000000e+002
  1.1400000e+002  2.3800000e+002
  5.7000000e+001  2.7200000e+002
