  1.2400000e+002  4.6400000e+002
  1.8900000e+002  4.7700000e+002
  4.2000000e+002  4.4100000e+002
  4.4700000e+002  4.4000000e+002
  4.7300000e+002  4.4000000e+002
  4.8800000e+002  4.2300000e+002
  5.0000000e+002  4.1100000e+002
  5.6300000e+002  3.9200000e+002
  6.3800000e+002  3.1400000e+002
  6.2000000e+002  2.8700000e+002
  6.3100000e+002  2.7400000e+002
  6.3400000e+002  2.6100000e+002
  6.3000000e+002  2.4500000e+002
  6.1200000e+002  2.4000000e+002
  6.1100000e+002  2.0900000e+002
  5.0900000e+002  1.7800000e+002
  4.2900000e+002  1.9600000e+002
  4.0600000e+002  1.9000000e+002
  3.8600000e+002  1.9100000e+002
  3.6300000e+002  1.9700000e+002
  3.4400000e+002  2.0100000e+002
  1.9000000e+002  2.4600000e+002
  1.2600000e+002  2.6600000e+002
