  3.9000000e+001  4.5100000e+002
  1.4500000e+002  4.7600000e+002
  2.6300000e+002  4.7600000e+002
  2.9900000e+002  4.8300000e+002
  3.3100000e+002  4.9400000e+002
  3.5100000e+002  4.8300000e+002
  3.8100000e+002  4.7600000e+002
  4.4600000e+002  4.7400000e+002
  5.4200000e+002  4.2900000e+002
  5.3900000e+002  4.0200000e+002
  5.4800000e+002  3.8700000e+002
  5.5000000e+002  3.7100000e+002
  5.3900000e+002  3.6000000e+002
  5.2800000e+002  3.5200000e+002
  5.3500000e+002  3.1800000e+002
  4.4800000e+002  2.5100000e+002
  4.0400000e+002  2.5600000e+002
  3.7000000e+002  2.5200000e+002
  3.5200000e+002  2.4500000e+002
  3.1700000e+002  2.5500000e+002
  2.9700000e+002  2.4400000e+002
  1.5100000e+002  2.2700000e+002
  6.0000000e+001  2.5200000e+002
