  5.4000000e+001  4.3300000e+002
  1.1700000e+002  4.4500000e+002
  3.0200000e+002  4.3400000e+002
  3.1800000e+002  4.2800000e+002
  3.3900000e+002  4.2800000e+002
  3.5900000e+002  4.2700000e+002
  3.7800000e+002  4.2600000e+002
  4.5300000e+002  4.1000000e+002
  5.2800000e+002  3.3400000e+002
  5.1600000e+002  3.0600000e+002
  5.2500000e+002  2.9400000e+002
  5.3100000e+002  2.8400000e+002
  5.3200000e+002  2.7300000e+002
  5.1800000e+002  2.5500000e+002
  5.2300000e+002  2.3400000e+002
  4.3000000e+002  1.8100000e+002
  3.5900000e+002  1.7300000e+002
  3.3600000e+002  1.7300000e+002
  3.0800000e+002  1.6400000e+002
  2.8300000e+002  1.7000000e+002
  2.5700000e+002  1.7100000e+002
  7.9000000e+001  2.0900000e+002
  2.1000000e+001  2.3600000e+002
