  1.2200000e+002  4.7400000e+002
  2.0100000e+002  4.9100000e+002
  3.8100000e+002  4.8300000e+002
  3.9800000e+002  4.8300000e+002
  4.2000000e+002  4.9000000e+002
  4.4100000e+002  4.8700000e+002
  4.5800000e+002  4.8400000e+002
  5.3200000e+002  4.6400000e+002
  6.1000000e+002  4.1200000e+002
  6.0400000e+002  3.9200000e+002
  6.2000000e+002  3.8800000e+002
  6.2900000e+002  3.7100000e+002
  6.2200000e+002  3.4700000e+002
  6.0700000e+002  3.4300000e+002
  6.1400000e+002  3.1700000e+002
  5.4800000e+002  2.5000000e+002
  4.5400000e+002  2.4000000e+002
  4.3000000e+002  2.3700000e+002
  4.0100000e+002  2.3000000e+002
  3.7700000e+002  2.2700000e+002
  3.5100000e+002  2.2000000e+002
  1.5500000e+002  2.4900000e+002
  9.0000000e+001  2.8300000e+002
