  1.8500000e+002  4.9200000e+002
  2.5400000e+002  5.0500000e+002
  3.9800000e+002  4.9200000e+002
  4.2100000e+002  4.8600000e+002
  4.4800000e+002  4.9500000e+002
  4.6700000e+002  4.8500000e+002
  4.8400000e+002  4.7800000e+002
  5.5500000e+002  4.6500000e+002
  6.4700000e+002  4.0500000e+002
  6.3500000e+002  3.8800000e+002
  6.4900000e+002  3.8200000e+002
  6.6300000e+002  3.6200000e+002
  6.4800000e+002  3.4700000e+002
  6.3200000e+002  3.4300000e+002
  6.4300000e+002  3.1500000e+002
  5.5400000e+002  2.4300000e+002
  4.6100000e+002  2.4800000e+002
  4.3800000e+002  2.4400000e+002
  4.1800000e+002  2.3800000e+002
  3.9900000e+002  2.3600000e+002
  3.7700000e+002  2.3300000e+002
  1.9000000e+002  2.6400000e+002
  1.2400000e+002  2.9500000e+002
