  9.3000000e+001  4.4100000e+002
  1.6500000e+002  4.5400000e+002
  3.2500000e+002  4.4000000e+002
  3.5100000e+002  4.3400000e+002
  3.7200000e+002  4.4000000e+002
  3.9400000e+002  4.3400000e+002
  4.1200000e+002  4.2600000e+002
  4.8900000e+002  3.9600000e+002
  5.5600000e+002  3.1300000e+002
  5.4000000e+002  2.9300000e+002
  5.5100000e+002  2.8300000e+002
  5.5500000e+002  2.7100000e+002
  5.5500000e+002  2.5900000e+002
  5.4300000e+002  2.5100000e+002
  5.4900000e+002  2.3400000e+002
  4.5500000e+002  1.7600000e+002
  3.7200000e+002  1.7500000e+002
  3.4400000e+002  1.7200000e+002
  3.1800000e+002  1.6600000e+002
  2.9800000e+002  1.6800000e+002
  2.7200000e+002  1.7400000e+002
  9.8000000e+001  2.1500000e+002
  3.6000000e+001  2.4300000e+002
