  1.2700000e+002  4.7000000e+002
  2.0500000e+002  4.8400000e+002
  3.8100000e+002  4.7300000e+002
  4.0700000e+002  4.6000000e+002
  4.3800000e+002  4.8200000e+002
  4.5700000e+002  4.6900000e+002
  4.8100000e+002  4.5600000e+002
  5.5100000e+002  4.4800000e+002
  6.3500000e+002  3.7300000e+002
  6.2500000e+002  3.5200000e+002
  6.3500000e+002  3.4100000e+002
  6.3600000e+002  3.2800000e+002
  6.3500000e+002  3.1300000e+002
  6.1900000e+002  3.0400000e+002
  6.2000000e+002  2.7200000e+002
  5.2000000e+002  2.2400000e+002
  4.5500000e+002  2.3200000e+002
  4.3600000e+002  2.3300000e+002
  3.9800000e+002  2.2400000e+002
  3.8200000e+002  2.2800000e+002
  3.5000000e+002  2.2100000e+002
  1.7900000e+002  2.5600000e+002
  1.1200000e+002  2.7800000e+002
