  3.3000000e+001  4.4700000e+002
  8.8000000e+001  4.5900000e+002
  1.8800000e+002  4.8000000e+002
  2.0700000e+002  4.8300000e+002
  2.2600000e+002  4.9900000e+002
  2.4900000e+002  5.0100000e+002
  2.6500000e+002  4.9600000e+002
  3.6700000e+002  5.1800000e+002
  4.5400000e+002  4.9300000e+002
  4.5300000e+002  4.6900000e+002
  4.6900000e+002  4.6000000e+002
  4.8100000e+002  4.4600000e+002
  4.7900000e+002  4.2800000e+002
  4.6500000e+002  4.1500000e+002
  4.8300000e+002  3.9400000e+002
  4.2300000e+002  3.0200000e+002
  3.3900000e+002  2.7600000e+002
  3.1600000e+002  2.6300000e+002
  2.9900000e+002  2.5400000e+002
  2.7500000e+002  2.5000000e+002
  2.5800000e+002  2.3800000e+002
  8.0000000e+001  2.2600000e+002
  1.9000000e+001  2.4000000e+002
