  1.1500000e+002  4.6500000e+002
  1.8600000e+002  4.6900000e+002
  3.7300000e+002  4.3900000e+002
  3.8700000e+002  4.3200000e+002
  4.1400000e+002  4.3300000e+002
  4.2600000e+002  4.2200000e+002
  4.3900000e+002  4.1000000e+002
  5.1700000e+002  3.9900000e+002
  5.8700000e+002  3.1200000e+002
  5.7500000e+002  2.9300000e+002
  5.8600000e+002  2.7800000e+002
  5.9000000e+002  2.6400000e+002
  5.8200000e+002  2.5400000e+002
  5.6700000e+002  2.4700000e+002
  5.7400000e+002  2.1900000e+002
  4.7700000e+002  1.7400000e+002
  3.9200000e+002  1.8400000e+002
  3.6900000e+002  1.7700000e+002
  3.4700000e+002  1.7500000e+002
  3.3100000e+002  1.8300000e+002
  3.0500000e+002  1.8400000e+002
  1.4400000e+002  2.2100000e+002
  6.0000000e+001  2.6400000e+002
