  1.1800000e+002  4.6500000e+002
  1.9100000e+002  4.8200000e+002
  3.5000000e+002  4.8000000e+002
  3.6900000e+002  4.8600000e+002
  3.9400000e+002  4.9400000e+002
  4.1500000e+002  4.8900000e+002
  4.3600000e+002  4.8500000e+002
  5.0800000e+002  4.6700000e+002
  5.8800000e+002  4.0800000e+002
  5.7800000e+002  3.9200000e+002
  5.9300000e+002  3.8000000e+002
  5.9600000e+002  3.6500000e+002
  5.9100000e+002  3.5000000e+002
  5.7600000e+002  3.4400000e+002
  5.8900000e+002  3.1600000e+002
  5.0400000e+002  2.4400000e+002
  4.3000000e+002  2.3500000e+002
  4.0800000e+002  2.3200000e+002
  3.7900000e+002  2.2200000e+002
  3.5800000e+002  2.1900000e+002
  3.3500000e+002  2.1200000e+002
  1.5600000e+002  2.2600000e+002
  8.4000000e+001  2.5500000e+002
