  4.9000000e+001  4.1200000e+002
  1.0700000e+002  4.5100000e+002
  2.4700000e+002  5.2400000e+002
  2.6900000e+002  5.3500000e+002
  2.8600000e+002  5.4700000e+002
  3.0200000e+002  5.4800000e+002
  3.2100000e+002  5.5000000e+002
  4.0400000e+002  5.9900000e+002
  5.0200000e+002  5.8800000e+002
  5.0300000e+002  5.6600000e+002
  5.2000000e+002  5.6100000e+002
  5.3200000e+002  5.5300000e+002
  5.3500000e+002  5.4100000e+002
  5.3000000e+002  5.2900000e+002
  5.4300000e+002  5.1400000e+002
  5.0500000e+002  4.1100000e+002
  4.3200000e+002  3.5800000e+002
  4.1600000e+002  3.4200000e+002
  4.0000000e+002  3.2600000e+002
  3.8600000e+002  3.1800000e+002
  3.7100000e+002  3.0600000e+002
  1.3400000e+002  2.1800000e+002
  8.3000000e+001  2.3200000e+002
