  5.4000000e+001  4.6800000e+002
  1.2900000e+002  5.0100000e+002
  2.5800000e+002  5.4600000e+002
  3.0400000e+002  5.6700000e+002
  3.2300000e+002  5.8000000e+002
  3.5200000e+002  5.7700000e+002
  3.8200000e+002  5.8600000e+002
  4.3600000e+002  5.9900000e+002
  5.4300000e+002  5.8300000e+002
  5.4100000e+002  5.5700000e+002
  5.5500000e+002  5.4900000e+002
  5.6600000e+002  5.3900000e+002
  5.6700000e+002  5.2100000e+002
  5.5500000e+002  5.0600000e+002
  5.7500000e+002  4.8700000e+002
  5.3600000e+002  4.1200000e+002
  4.3300000e+002  3.3200000e+002
  4.0800000e+002  3.2500000e+002
  3.8900000e+002  3.3000000e+002
  3.6300000e+002  3.2200000e+002
  3.4400000e+002  3.0600000e+002
  1.7000000e+002  2.6900000e+002
  9.7000000e+001  2.6400000e+002
