  1.1500000e+002  4.5200000e+002
  1.9300000e+002  5.0800000e+002
  3.0300000e+002  5.6000000e+002
  3.3700000e+002  5.7900000e+002
  3.6300000e+002  5.9500000e+002
  3.8600000e+002  5.9800000e+002
  4.0600000e+002  6.1100000e+002
  4.6200000e+002  6.3700000e+002
  5.7500000e+002  6.3800000e+002
  5.7800000e+002  6.1400000e+002
  5.9700000e+002  6.1000000e+002
  6.0700000e+002  5.9600000e+002
  6.0800000e+002  5.8100000e+002
  5.9900000e+002  5.7300000e+002
  6.1800000e+002  5.6100000e+002
  5.7100000e+002  4.5500000e+002
  5.1400000e+002  4.2000000e+002
  4.9700000e+002  4.0300000e+002
  4.8500000e+002  3.8600000e+002
  4.6500000e+002  3.7100000e+002
  4.4800000e+002  3.5900000e+002
  2.4900000e+002  2.6600000e+002
  1.6700000e+002  2.6600000e+002
