  3.7000000e+001  4.3500000e+002
  1.1800000e+002  4.8900000e+002
  2.3600000e+002  5.5100000e+002
  2.7400000e+002  5.6700000e+002
  2.9800000e+002  5.8200000e+002
  3.2200000e+002  5.8200000e+002
  3.4600000e+002  5.9600000e+002
  4.0100000e+002  6.2100000e+002
  5.1400000e+002  6.0800000e+002
  5.1700000e+002  5.9100000e+002
  5.3100000e+002  5.8400000e+002
  5.4100000e+002  5.7700000e+002
  5.4200000e+002  5.6700000e+002
  5.3800000e+002  5.5300000e+002
  5.5300000e+002  5.2800000e+002
  5.2200000e+002  4.4500000e+002
  4.5000000e+002  3.6000000e+002
  4.3300000e+002  3.4300000e+002
  4.1100000e+002  3.3400000e+002
  3.9500000e+002  3.3400000e+002
  3.8000000e+002  3.2100000e+002
  2.2700000e+002  2.4900000e+002
  1.5800000e+002  2.4400000e+002
