  1.2700000e+002  4.6600000e+002
  1.8100000e+002  5.0900000e+002
  3.3200000e+002  5.9800000e+002
  3.5500000e+002  6.1800000e+002
  3.7200000e+002  6.4500000e+002
  3.9100000e+002  6.4800000e+002
  4.1100000e+002  6.5500000e+002
  4.8300000e+002  6.8700000e+002
  5.9300000e+002  6.8200000e+002
  5.9500000e+002  6.6100000e+002
  6.1100000e+002  6.5400000e+002
  6.1900000e+002  6.4200000e+002
  6.2000000e+002  6.3300000e+002
  6.1400000e+002  6.2000000e+002
  6.3200000e+002  5.9800000e+002
  5.7800000e+002  4.9700000e+002
  5.1400000e+002  4.6400000e+002
  4.9500000e+002  4.4800000e+002
  4.7600000e+002  4.2300000e+002
  4.6000000e+002  4.1500000e+002
  4.3500000e+002  3.9800000e+002
  2.5800000e+002  3.0600000e+002
  2.0700000e+002  2.9200000e+002
