  3.7000000e+001  4.4800000e+002
  1.2600000e+002  5.0400000e+002
  2.2500000e+002  5.4200000e+002
  2.6400000e+002  5.5300000e+002
  2.8800000e+002  5.6800000e+002
  3.1000000e+002  5.6400000e+002
  3.3600000e+002  5.6900000e+002
  4.0100000e+002  5.9400000e+002
  5.1100000e+002  5.7200000e+002
  5.0900000e+002  5.4800000e+002
  5.2400000e+002  5.4500000e+002
  5.3200000e+002  5.3500000e+002
  5.3100000e+002  5.2400000e+002
  5.2800000e+002  5.0800000e+002
  5.3900000e+002  4.9000000e+002
  4.9500000e+002  4.0500000e+002
  4.2900000e+002  3.4800000e+002
  4.1100000e+002  3.3900000e+002
  3.8400000e+002  3.2600000e+002
  3.6200000e+002  3.1600000e+002
  3.4800000e+002  2.9900000e+002
  2.1400000e+002  2.4200000e+002
  1.3700000e+002  2.4000000e+002
