  8.3000000e+001  4.4000000e+002
  1.4900000e+002  4.8300000e+002
  2.7200000e+002  5.4500000e+002
  3.0200000e+002  5.5500000e+002
  3.1900000e+002  5.7500000e+002
  3.3400000e+002  5.7300000e+002
  3.5100000e+002  5.8100000e+002
  4.3400000e+002  6.2800000e+002
  5.3400000e+002  6.2000000e+002
  5.3300000e+002  5.9400000e+002
  5.5000000e+002  5.9100000e+002
  5.6200000e+002  5.8100000e+002
  5.6300000e+002  5.6800000e+002
  5.5600000e+002  5.5600000e+002
  5.7400000e+002  5.5400000e+002
  5.4200000e+002  4.4600000e+002
  4.6400000e+002  3.8900000e+002
  4.4800000e+002  3.7000000e+002
  4.3000000e+002  3.5500000e+002
  4.1700000e+002  3.4600000e+002
  4.0000000e+002  3.2700000e+002
  1.8100000e+002  2.3900000e+002
  1.2900000e+002  2.5200000e+002
