  1.1900000e+002  4.3000000e+002
  1.8700000e+002  4.7000000e+002
  2.9700000e+002  5.2000000e+002
  3.4400000e+002  5.4500000e+002
  3.5900000e+002  5.5500000e+002
  3.8400000e+002  5.5900000e+002
  4.0400000e+002  5.6300000e+002
  4.7300000e+002  6.0100000e+002
  5.8200000e+002  5.8700000e+002
  5.8400000e+002  5.6200000e+002
  6.0200000e+002  5.5800000e+002
  6.0800000e+002  5.5000000e+002
  6.1200000e+002  5.3500000e+002
  6.0400000e+002  5.2300000e+002
  6.1900000e+002  5.0700000e+002
  5.7700000e+002  4.2200000e+002
  5.1300000e+002  3.7200000e+002
  4.9600000e+002  3.6400000e+002
  4.7500000e+002  3.3600000e+002
  4.5000000e+002  3.3800000e+002
  4.3100000e+002  3.2700000e+002
  2.2400000e+002  2.3500000e+002
  1.4700000e+002  2.4100000e+002
