  8.4000000e+001  4.2300000e+002
  1.3900000e+002  4.4300000e+002
  2.4300000e+002  4.8300000e+002
  2.8100000e+002  5.0500000e+002
  3.0000000e+002  5.2300000e+002
  3.1900000e+002  5.2500000e+002
  3.3900000e+002  5.3000000e+002
  4.1900000e+002  5.7200000e+002
  5.3000000e+002  5.4800000e+002
  5.2900000e+002  5.2900000e+002
  5.4200000e+002  5.2400000e+002
  5.5100000e+002  5.1400000e+002
  5.5200000e+002  4.9900000e+002
  5.4400000e+002  4.9000000e+002
  5.6500000e+002  4.6400000e+002
  5.0300000e+002  3.6600000e+002
  4.4900000e+002  3.4000000e+002
  4.2600000e+002  3.2100000e+002
  4.0400000e+002  2.9700000e+002
  3.8400000e+002  2.8900000e+002
  3.6500000e+002  2.8400000e+002
  1.6200000e+002  2.0900000e+002
  8.7000000e+001  2.1600000e+002
