  5.6000000e+001  4.3800000e+002
  1.3900000e+002  5.0100000e+002
  2.4300000e+002  5.5100000e+002
  2.8600000e+002  5.7000000e+002
  3.0300000e+002  5.8600000e+002
  3.3000000e+002  5.9100000e+002
  3.5200000e+002  6.0100000e+002
  4.0400000e+002  6.3300000e+002
  5.1900000e+002  6.3000000e+002
  5.2200000e+002  6.0800000e+002
  5.3800000e+002  6.0700000e+002
  5.4900000e+002  5.9700000e+002
  5.5100000e+002  5.8100000e+002
  5.4600000e+002  5.6800000e+002
  5.5900000e+002  5.5000000e+002
  5.2700000e+002  4.5400000e+002
  4.8300000e+002  4.0600000e+002
  4.6800000e+002  3.9100000e+002
  4.4500000e+002  3.8100000e+002
  4.2100000e+002  3.6500000e+002
  4.0400000e+002  3.4500000e+002
  2.5800000e+002  2.5500000e+002
  1.7200000e+002  2.4500000e+002
