  1.2200000e+002  4.4800000e+002
  1.9300000e+002  4.8700000e+002
  3.6100000e+002  5.0800000e+002
  3.8500000e+002  4.9700000e+002
  4.0300000e+002  4.9700000e+002
  4.2400000e+002  4.9100000e+002
  4.4900000e+002  4.8900000e+002
  5.5300000e+002  4.6300000e+002
  6.1800000e+002  4.0700000e+002
  6.1000000e+002  3.9000000e+002
  6.2400000e+002  3.8200000e+002
  6.2500000e+002  3.6700000e+002
  6.1800000e+002  3.4900000e+002
  6.0500000e+002  3.4000000e+002
  6.1600000e+002  3.1700000e+002
  5.4100000e+002  2.5900000e+002
  4.4600000e+002  2.3700000e+002
  4.1300000e+002  2.3200000e+002
  3.8900000e+002  2.1800000e+002
  3.5800000e+002  2.0600000e+002
  3.3000000e+002  1.9700000e+002
  1.9500000e+002  2.2100000e+002
  1.2800000e+002  2.3900000e+002
