  5.6000000e+001  4.5000000e+002
  1.1700000e+002  4.7600000e+002
  3.0700000e+002  5.1500000e+002
  3.2600000e+002  5.0700000e+002
  3.5200000e+002  5.0400000e+002
  3.7000000e+002  5.0000000e+002
  3.8600000e+002  4.9600000e+002
  4.6800000e+002  4.7200000e+002
  5.7400000e+002  4.1400000e+002
  5.6800000e+002  3.8800000e+002
  5.8200000e+002  3.8300000e+002
  5.8200000e+002  3.6400000e+002
  5.7800000e+002  3.4500000e+002
  5.6400000e+002  3.4100000e+002
  5.6900000e+002  3.1600000e+002
  4.8700000e+002  2.5200000e+002
  4.2800000e+002  2.3600000e+002
  4.0400000e+002  2.3600000e+002
  3.8800000e+002  2.3000000e+002
  3.6300000e+002  2.3100000e+002
  3.3700000e+002  2.2100000e+002
  1.6300000e+002  2.2100000e+002
  8.3000000e+001  2.4000000e+002
