  3.8000000e+001  4.5100000e+002
  1.1300000e+002  4.7900000e+002
  2.7900000e+002  5.0900000e+002
  3.0100000e+002  4.9900000e+002
  3.2200000e+002  4.9200000e+002
  3.4900000e+002  4.8500000e+002
  3.7000000e+002  4.7700000e+002
  4.8000000e+002  4.4800000e+002
  5.5200000e+002  3.9000000e+002
  5.4400000e+002  3.6400000e+002
  5.5400000e+002  3.5300000e+002
  5.6000000e+002  3.3900000e+002
  5.5100000e+002  3.2400000e+002
  5.3600000e+002  3.2000000e+002
  5.4500000e+002  2.9900000e+002
  4.7900000e+002  2.4400000e+002
  3.9400000e+002  2.1900000e+002
  3.6500000e+002  2.1900000e+002
  3.4100000e+002  2.2100000e+002
  3.1500000e+002  2.1400000e+002
  2.9100000e+002  2.0300000e+002
  1.2400000e+002  2.2100000e+002
  5.9000000e+001  2.4400000e+002
