  5.9000000e+001  4.5100000e+002
  1.3000000e+002  4.8800000e+002
  2.2600000e+002  5.3500000e+002
  2.5100000e+002  5.4300000e+002
  2.6700000e+002  5.5900000e+002
  2.8700000e+002  5.6200000e+002
  3.0700000e+002  5.6900000e+002
  4.0500000e+002  6.0800000e+002
  4.8800000e+002  5.9900000e+002
  4.9400000e+002  5.7700000e+002
  5.1000000e+002  5.7500000e+002
  5.2400000e+002  5.6300000e+002
  5.2500000e+002  5.4500000e+002
  5.1400000e+002  5.3300000e+002
  5.2800000e+002  5.1500000e+002
  4.9700000e+002  4.2700000e+002
  4.3000000e+002  3.6800000e+002
  4.1300000e+002  3.6000000e+002
  3.8800000e+002  3.3900000e+002
  3.7200000e+002  3.3000000e+002
  3.5200000e+002  3.0900000e+002
  1.4300000e+002  2.3500000e+002
  7.8000000e+001  2.4000000e+002
