  2.8000000e+001  4.3600000e+002
  1.0900000e+002  4.7600000e+002
  2.8500000e+002  4.9300000e+002
  3.0500000e+002  4.8400000e+002
  3.2100000e+002  4.7400000e+002
  3.4200000e+002  4.6600000e+002
  3.6600000e+002  4.6500000e+002
  4.4400000e+002  4.3900000e+002
  5.3600000e+002  3.7800000e+002
  5.2800000e+002  3.5200000e+002
  5.4100000e+002  3.4500000e+002
  5.5100000e+002  3.3000000e+002
  5.3900000e+002  3.1200000e+002
  5.2300000e+002  3.0600000e+002
  5.2700000e+002  2.7800000e+002
  4.5100000e+002  2.2400000e+002
  3.8000000e+002  2.0800000e+002
  3.5700000e+002  2.1500000e+002
  3.2600000e+002  2.1300000e+002
  3.0400000e+002  2.0600000e+002
  2.8200000e+002  1.9900000e+002
  1.1600000e+002  2.1000000e+002
  4.3000000e+001  2.4400000e+002
