  7.1000000e+001  4.1300000e+002
  1.4900000e+002  4.2000000e+002
  2.9600000e+002  3.9100000e+002
  3.1600000e+002  3.8900000e+002
  3.3000000e+002  3.9400000e+002
  3.4700000e+002  3.8600000e+002
  3.6200000e+002  3.8700000e+002
  4.6700000e+002  3.7600000e+002
  5.3200000e+002  3.1000000e+002
  5.0300000e+002  2.7900000e+002
  5.2200000e+002  2.6700000e+002
  5.3700000e+002  2.5200000e+002
  5.2200000e+002  2.3400000e+002
  5.0600000e+002  2.2600000e+002
  5.1300000e+002  1.9900000e+002
  4.3500000e+002  1.6100000e+002
  3.6500000e+002  1.6500000e+002
  3.4800000e+002  1.6400000e+002
  3.2000000e+002  1.5400000e+002
  3.0500000e+002  1.5900000e+002
  2.7400000e+002  1.6200000e+002
  1.1200000e+002  1.8700000e+002
  4.0000000e+001  2.2900000e+002
