  7.0000000e+001  4.1900000e+002
  1.3800000e+002  4.3000000e+002
  3.1900000e+002  4.0000000e+002
  3.4100000e+002  3.9200000e+002
  3.6100000e+002  4.0100000e+002
  3.8200000e+002  4.0000000e+002
  4.0600000e+002  3.9600000e+002
  4.9100000e+002  3.8000000e+002
  5.5200000e+002  3.0600000e+002
  5.2600000e+002  2.7200000e+002
  5.4400000e+002  2.6400000e+002
  5.6100000e+002  2.4800000e+002
  5.4200000e+002  2.3100000e+002
  5.2800000e+002  2.2500000e+002
  5.3400000e+002  1.9300000e+002
  4.4200000e+002  1.5900000e+002
  3.8200000e+002  1.6900000e+002
  3.6200000e+002  1.6800000e+002
  3.3600000e+002  1.5900000e+002
  3.1200000e+002  1.6800000e+002
  2.8700000e+002  1.7500000e+002
  1.1400000e+002  2.1400000e+002
  5.2000000e+001  2.4500000e+002
