  2.5000000e+001  4.5900000e+002
  6.6000000e+001  4.7100000e+002
  2.1000000e+002  4.9200000e+002
  2.3800000e+002  5.2000000e+002
  2.5300000e+002  5.3600000e+002
  2.7200000e+002  5.3100000e+002
  2.9300000e+002  5.3100000e+002
  3.7800000e+002  5.5100000e+002
  4.6200000e+002  5.1900000e+002
  4.4800000e+002  4.8300000e+002
  4.6600000e+002  4.7700000e+002
  4.8300000e+002  4.7000000e+002
  4.7500000e+002  4.5100000e+002
  4.6200000e+002  4.3800000e+002
  4.7500000e+002  4.1300000e+002
  4.3700000e+002  3.4800000e+002
  3.5000000e+002  3.1900000e+002
  3.2500000e+002  3.1700000e+002
  3.0400000e+002  3.0100000e+002
  2.8300000e+002  2.9800000e+002
  2.6600000e+002  2.9200000e+002
  1.0700000e+002  2.5200000e+002
  5.3000000e+001  2.5500000e+002
